terrain.asc
ncols         496
nrows         401
xllcorner     499976.01574851
yllcorner     3352081.4921597
cellsize      2.0655008894275
NODATA_value  -9999
[rows 165 to 197 of 401, columns 74 to 147 of 496]
10.322 10.322 10.322 10.322 10.322 10.322 10.322 10.322 10.322 10.322 10.322 10.322 10.322 10.322 10.322 10.322 10.322 10.322 10.322 10.322 10.322 10.322 10.322 10.322 10.322 10.322 10.322 10.322 10.322 10.322 10.322 10.322 10.322 5.322 5.322 5.322 5.322 5.322 5.322 5.322 5.322 5.58358 5.8911 5.890141 5.889668 5.871631 5.839291 5.903631 5.768973 5.746056 5.73948 5.741047 5.764746 5.939156 5.918862 5.928653 5.921 5.92588 5.977975 6.106565 6.133412 6.295841 6.3154 6.317 6.419384 6.319857 4.644814 3.505827 3.181 3.081 3.081 3.081 3.081 3.081
10.322 10.322 10.322 10.322 10.322 10.322 10.322 10.322 10.322 10.322 10.322 10.322 10.322 10.322 10.322 10.322 10.322 10.322 10.322 10.322 10.322 10.322 10.322 10.322 10.322 10.322 10.322 10.322 10.322 10.322 10.322 10.322 10.322 5.322 5.322 5.322 5.322 5.322 5.322 5.322 5.554646 5.979866 5.968627 5.967195 5.966489 5.943915 5.920476 5.917313 5.923831 5.926212 5.924422 5.928642 5.947734 5.986266 6.018104 5.967961 5.931437 5.922967 5.946952 6.044438 6.225615 6.120452 6.278279 6.305409 6.322289 6.32908 6.334581 5.097158 3.468455 3.081 3.081 3.081 3.081 3.081
10.322 10.322 10.322 10.322 10.322 10.322 10.322 10.322 10.322 10.322 10.322 10.322 10.322 10.322 10.322 10.322 10.322 10.322 10.322 10.322 10.322 10.322 10.322 10.322 10.322 10.322 10.322 10.322 10.322 10.322 10.322 10.322 10.322 10.322 5.322 5.322 5.322 5.322 5.322 5.563753 5.997936 5.993386 6.0778 6.098982 6.220306 6.215022 6.201004 6.097119 6.078488 6.045154 6.029768 6.031482 6.035285 6.037 6.033887 5.997242 5.943402 5.921769 5.931271 5.972104 6.035515 6.209145 6.27201 6.130432 6.298163 6.325692 6.334475 6.366985 5.520429 3.181 3.081 3.081 3.081 3.081
10.322 10.322 10.322 10.322 10.322 10.322 10.322 10.322 10.322 10.322 10.322 10.322 10.322 10.322 10.322 10.322 10.322 10.322 10.322 10.322 10.322 10.322 10.322 10.322 10.322 10.322 10.322 10.322 10.322 10.322 10.322 10.322 10.322 10.322 5.322 5.322 5.322 5.322 5.322 5.563753 5.997936 5.993386 6.0778 6.098982 6.220306 6.215022 6.201004 6.097119 6.078488 6.045154 6.029768 6.031482 6.035285 6.037 6.033887 5.997242 5.943402 5.921769 5.931271 5.972104 6.035515 6.209145 6.27201 6.130432 6.298163 6.325692 6.334475 6.366985 5.520429 3.181 3.081 3.081 3.081 3.081
10.322 10.322 10.322 10.322 10.322 10.322 10.322 10.322 10.322 10.322 10.322 10.322 10.322 10.322 10.322 10.322 10.322 10.322 10.322 10.322 10.322 10.322 10.322 10.322 10.322 10.322 10.322 10.322 10.322 10.322 10.322 10.322 10.322 10.322 5.322 5.322 5.322 5.322 5.322 5.74256 5.954861 6.067431 6.151614 6.204936 6.294422 6.33436 6.327969 6.251906 6.266991 6.112571 6.056536 6.037 6.037 6.037 6.037 5.95967 5.926377 5.911432 5.899415 5.904059 5.92663 5.982101 6.072929 6.240065 6.11371 6.301722 6.332355 6.374858 6.389925 3.181 3.081 3.081 3.081 3.081
10.322 10.322 10.322 10.322 10.322 10.322 10.322 10.322 10.322 10.322 10.322 10.322 10.322 10.322 10.322 10.322 10.322 10.322 10.322 10.322 10.322 10.322 10.322 10.322 10.322 10.322 10.322 10.322 10.322 10.322 10.322 10.322 10.322 10.322 5.322 5.322 5.322 5.322 5.322 5.542989 5.799641 5.978752 6.201521 6.319354 6.380901 6.392 6.391074 6.36623 6.262743 6.135196 6.065594 6.037 6.037 6.037 6.018619 5.913691 5.897871 5.892591 5.88655 5.873543 5.873544 5.89837 5.964945 6.061076 6.270702 6.292727 6.331896 6.378517 6.395 3.181 3.081 3.081 3.081 3.081
10.322 10.322 10.322 10.322 10.322 10.322 10.322 10.322 10.322 10.322 10.322 10.322 10.322 10.322 10.322 10.322 10.322 10.322 10.322 10.322 10.322 10.322 10.322 10.322 10.322 10.322 10.322 10.322 10.322 10.322 10.322 10.322 10.322 10.322 10.322 5.322 5.322 5.322 5.322 5.590577 5.758876 5.903029 6.298519 6.344176 6.392 6.392 6.392 6.387854 6.244704 6.067303 6.031746 5.939187 5.784017 5.919575 5.904147 5.893415 5.891671 5.887261 5.871591 5.87 5.87 5.871611 5.941176 6.045729 6.167664 6.292561 6.326435 6.376508 6.495 3.181 3.081 3.081 3.081 3.081
10.322 10.322 10.322 10.322 10.322 10.322 10.322 10.322 10.322 10.322 10.322 10.322 10.322 10.322 10.322 10.322 10.322 10.322 10.322 10.322 10.322 10.322 10.322 10.322 10.322 10.322 10.322 10.322 10.322 10.322 10.322 10.322 10.322 10.322 10.322 5.322 5.322 5.322 5.323745 5.569982 5.766407 5.908615 6.029181 6.288046 6.335115 6.386427 6.380979 6.22397 5.900959 5.705881 5.711985 5.726362 5.740793 5.752345 5.784928 5.891848 5.892015 5.889914 5.870278 5.87 5.87 5.870953 5.976418 6.083626 6.285543 6.295459 6.325847 6.328 6.473353 3.181 3.081 3.081 3.081 3.081
10.322 10.322 10.322 10.322 10.322 10.322 10.322 10.322 10.322 10.322 10.322 10.322 10.322 10.322 10.322 10.322 10.322 10.322 10.322 10.322 10.322 10.322 10.322 10.322 10.322 10.322 10.322 10.322 10.322 10.322 10.322 10.322 10.322 10.322 10.322 5.322 5.322 5.322 5.512399 5.593092 5.508702 5.742842 5.798616 5.972769 5.906406 5.757044 5.65563 5.663578 5.677018 5.690938 5.701735 5.710908 5.725339 5.739769 5.772303 5.872055 5.894875 5.90466 5.908912 5.884073 5.88407 5.981205 6.067087 6.280145 6.293563 6.324948 6.328 6.328 6.446463 3.181 3.081 3.081 3.081 3.081
10.322 10.322 10.322 10.322 10.322 10.322 10.322 10.322 10.322 10.322 10.322 10.322 10.322 10.322 10.322 10.322 10.322 10.322 10.322 10.322 10.322 10.322 10.322 10.322 10.322 10.322 10.322 10.322 10.322 10.322 10.322 10.322 10.322 10.322 10.322 10.322 5.322 5.322 5.505289 5.542209 5.586877 5.597746 5.602937 5.60575 5.614434 5.627614 5.641953 5.652372 5.663074 5.677063 5.690936 5.705366 5.719796 5.734227 5.757784 5.85212 5.905752 5.921803 5.969358 5.991101 5.990015 5.99 6.051573 6.240337 6.322249 6.329055 6.328 6.328 6.429179 3.181 3.081 3.081 3.081 3.081
10.322 10.322 10.322 10.322 10.322 10.322 10.322 10.322 10.322 10.322 10.322 10.322 10.322 10.322 10.322 10.322 10.322 10.322 10.322 10.322 10.322 10.322 10.322 10.322 10.322 10.322 10.322 10.322 10.322 10.322 5.322 5.322 5.322 5.322 5.322 5.322 5.322 5.366832 5.484346 5.523111 5.540465 5.552205 5.578602 5.593032 5.603257 5.614647 5.628672 5.643102 5.657532 5.67152 5.685393 5.699823 5.714254 5.727712 5.739601 5.928432 5.913381 5.974049 5.995 5.994918 5.991716 5.990086 5.99485 6.221034 6.31152 6.333093 6.335688 6.197383 6.18061 3.181 3.081 3.081 3.081 3.081
10.322 10.322 10.322 10.322 10.322 10.322 10.322 10.322 10.322 10.322 10.322 10.322 10.322 10.322 10.322 10.322 10.322 10.322 10.322 10.322 10.322 10.322 10.322 10.322 10.322 10.322 10.322 10.322 5.322 5.322 5.322 5.322 5.322 5.325438 5.361364 5.36787 5.382801 5.463514 5.491453 5.509296 5.526404 5.540545 5.566407 5.580838 5.595268 5.609104 5.623129 5.637559 5.651989 5.665978 5.679851 5.692657 5.704279 5.717093 5.725893 5.554313 5.574253 5.995 5.995 5.995 5.995 5.989836 5.989557 6.29649 6.245917 6.287016 6.295523 6.114211 5.50007 3.181 3.081 3.081 3.081 3.081
10.322 10.322 10.322 10.322 10.322 10.322 10.322 10.322 10.322 10.322 10.322 10.322 10.322 10.322 10.322 10.322 10.322 10.322 10.322 10.322 10.322 10.322 10.322 10.322 10.322 5.322 5.322 5.322 5.322 5.322 5.326351 5.344893 5.354182 5.374788 5.419033 5.433606 5.45931 5.473106 5.489485 5.504143 5.518574 5.53222 5.560864 5.575295 5.589376 5.603338 5.617586 5.632017 5.646447 5.658238 5.669119 5.681578 5.59045 5.530081 5.571633 5.369 5.314116 5.534823 5.995 5.994918 5.991735 5.989138 5.979959 6.071454 6.202978 6.126346 6.071768 5.856113 5.243523 3.181 3.081 3.081 3.081 3.081
10.322 10.322 10.322 10.322 10.322 10.322 10.322 10.322 10.322 10.322 10.322 10.322 10.322 10.322 10.322 10.322 10.322 10.322 10.322 10.322 10.322 10.322 5.322 5.322 5.322 5.322 5.322 5.322 5.322735 5.330194 5.352445 5.373263 5.388371 5.411322 5.425752 5.440195 5.455622 5.469761 5.48417 5.4986 5.513031 5.526677 5.555322 5.569753 5.58355 5.597613 5.608369 5.61987 5.634301 5.547229 5.555622 5.56763 5.510649 5.369501 5.369 5.269 5.269 5.393829 5.545504 5.990989 5.989027 5.977727 5.942089 5.933473 5.982765 5.975849 5.821623 5.541116 4.749707 3.125483 3.081 3.081 3.081 3.081
10.322 10.322 10.322 10.322 10.322 10.322 10.322 10.322 10.322 10.322 10.322 10.322 10.322 10.322 10.322 10.322 10.322 10.322 10.322 5.322 5.322 5.322 5.322 5.322 5.322 5.318361 5.313537 5.316533 5.328543 5.343172 5.364031 5.378297 5.392037 5.407476 5.421906 5.436324 5.449792 5.464197 5.478628 5.493058 5.507488 5.521134 5.549779 5.559054 5.570804 5.584692 5.597526 5.504952 5.585255 5.35556 5.357501 5.325068 5.269 5.269 5.269 5.269 5.269 5.269 5.379438 5.547925 5.930836 5.933548 5.916711 5.881735 5.853108 5.942504 5.611004 5.284137 4.575757 3.358534 3.181 3.081 3.081 3.081
10.322 10.322 10.322 10.322 10.322 10.322 10.322 10.322 10.322 10.322 10.322 10.322 10.322 10.322 10.322 10.322 5.322 5.322 5.322 5.322 5.322 5.322 5.293346 5.269319 5.275482 5.287576 5.299137 5.30864 5.330171 5.344748 5.359642 5.373908 5.387503 5.401933 5.416363 5.430781 5.44425 5.458655 5.473085 5.487515 5.501946 5.509396 5.53546 5.549071 5.554773 5.508312 5.308949 5.309771 5.290185 5.269 5.269 5.269 5.269 5.269 5.269 5.269 5.269 5.269 5.269 5.383394 5.943234 5.871751 5.871869 5.847593 5.841507 5.841 5.663831 5.271324 4.752571 3.543387 3.181 3.081 3.081 3.081
10.322 10.322 10.322 10.322 10.322 10.322 10.322 10.322 10.322 10.322 10.322 10.322 10.322 10.322 5.322 5.322 5.322 5.322 5.322 5.25125 5.214456 5.222495 5.235885 5.249755 5.25947 5.268651 5.283076 5.297102 5.325239 5.339669 5.353899 5.367541 5.38196 5.39639 5.410821 5.425251 5.439669 5.454098 5.458783 5.47211 5.48654 5.500864 5.340229 5.372845 5.372919 5.270592 5.269 5.269 5.269 5.269 5.269 5.269 5.269 5.269 5.269 5.269 5.269 5.269 5.269 5.383163 5.933439 5.841336 5.841355 5.841045 5.841 5.841 5.83857 5.590614 5.067618 3.869536 3.323546 3.081 3.081 3.081
10.322 10.322 10.322 10.322 10.322 10.322 10.322 10.322 10.322 10.322 10.322 10.322 10.322 10.322 5.322 5.322 5.322 5.322 5.322 5.25125 5.214456 5.222495 5.235885 5.249755 5.25947 5.268651 5.283076 5.297102 5.325239 5.339669 5.353899 5.367541 5.38196 5.39639 5.410821 5.425251 5.439669 5.454098 5.458783 5.47211 5.48654 5.500864 5.340229 5.372845 5.372919 5.270592 5.269 5.269 5.269 5.269 5.269 5.269 5.269 5.269 5.269 5.269 5.269 5.269 5.269 5.383163 5.933439 5.841336 5.841355 5.841045 5.841 5.841 5.83857 5.590614 5.067618 3.869536 3.323546 3.081 3.081 3.081
10.322 10.322 10.322 10.322 10.322 10.322 10.322 10.322 10.322 10.322 10.322 10.322 5.322 5.322 5.304386 5.302383 5.175978 5.149531 5.163266 5.177392 5.197431 5.210035 5.220139 5.234114 5.248544 5.262974 5.277405 5.291515 5.319791 5.334221 5.348652 5.363082 5.37738 5.390898 5.404829 5.409786 5.422847 5.423732 5.435967 5.437351 5.39891 5.269 5.269 5.269 5.269 5.269 5.269 5.269 5.269 5.269 5.269 5.269 5.269 5.269 5.269 5.269 5.269 5.269 5.269 5.269 5.369 5.91173 5.841 5.841 5.841 5.841 5.841 5.805738 5.252667 4.087877 3.518555 3.181 3.081 3.081
10.322 10.322 10.322 10.322 10.322 10.322 10.322 10.322 10.322 5.322 5.322 5.322 5.369636 5.27038 5.128933 5.115128 5.129558 5.143989 5.157723 5.171849 5.18628 5.20071 5.214707 5.228775 5.243205 5.257636 5.272066 5.286496 5.315357 5.329249 5.341978 5.356409 5.369734 5.376239 5.38668 5.378117 5.378119 5.275951 5.269 5.269 5.269 5.269 5.269 5.269 5.269 5.269 5.269 5.269 5.269 5.269 5.269 5.269 5.269 5.269 5.269 5.269 5.269 5.269 5.269 5.269 5.369 5.911745 5.841 5.838166 5.837754 5.840341 5.841 5.848458 5.520396 4.303004 3.578586 3.13651 3.081 3.081
10.322 10.322 10.322 5.322 5.322 5.322 5.322 5.322 5.310776 5.323569 5.327794 5.332307 5.060282 5.067294 5.095155 5.109585 5.124016 5.138446 5.152398 5.166619 5.181049 5.19548 5.20991 5.22434 5.238771 5.253201 5.267632 5.280846 5.307488 5.320102 5.327837 5.334995 5.330832 5.33985 5.336291 5.269 5.269 5.269 5.269 5.269 5.269 5.269 5.269 5.269 5.269 5.269 5.269 5.269 5.269 5.269 5.269 5.269 5.269 5.269 5.269 5.269 5.269 5.269 5.269 5.269 5.369 5.542666 5.816327 5.821727 5.820328 5.832831 5.851854 5.882203 5.554473 4.518554 4.070888 3.383287 3.181 3.081
5.322 5.322 5.322 5.322 5.322 5.386917 5.169057 5.175139 5.160429 5.004954 5.01846 5.03289 5.047321 5.061751 5.090033 5.104464 5.118894 5.133324 5.147755 5.162185 5.176615 5.191046 5.205476 5.219694 5.234901 5.250451 5.264056 5.273461 5.286836 5.293676 5.300279 5.295143 5.269 5.269 5.269 5.269 5.269 5.269 5.269 5.269 5.269 5.269 5.269 5.269 5.269 5.269 5.269 5.269 5.269 5.269 5.269 5.269 5.269 5.269 5.269 5.269 5.269 5.269 5.269 5.269 5.269 5.369 5.76143 5.80848 5.80832 5.816592 5.874336 5.892 5.892 4.735999 4.086624 3.584425 3.181 3.081
5.322 5.322 5.34691 5.104563 5.112071 5.080155 5.056196 4.970626 4.985056 4.999451 5.013447 5.027878 5.042308 5.056738 5.085599 5.100029 5.11446 5.128891 5.143321 5.157403 5.171652 5.186082 5.200513 5.214705 5.235951 5.257254 5.26614 5.269833 5.270699 5.269 5.269 5.269 5.269 5.269 5.269 5.269 5.269 5.269 5.269 5.269 5.269 5.269 5.269 5.269 5.269 5.269 5.269 5.269 5.269 5.269 5.269 5.269 5.269 5.269 5.269 5.269 5.269 5.269 5.269 5.269 5.269 5.369 5.730094 5.798853 5.802299 5.806752 5.870529 5.891558 5.892 5.057726 4.301672 3.75308 3.141143 3.081
5.18708 5.03877 5.096327 5.008362 4.922696 4.936861 4.951292 4.965722 4.980153 4.994583 5.009013 5.023443 5.037874 5.052304 5.081165 5.095078 5.109388 5.123818 5.138248 5.152441 5.166748 5.181178 5.195608 5.227151 5.257871 5.266937 5.269 5.269 5.269 5.269 5.269 5.269 5.269 5.269 5.269 5.269 5.269 5.269 5.269 5.269 5.269 5.269 5.269 5.269 5.269 5.269 5.269 5.269 5.269 5.269 5.269 5.269 5.269 5.269 5.269 5.269 5.269 5.269 5.269 5.269 5.269 5.269 5.526302 5.723582 5.764591 5.766617 5.825784 5.878725 5.892 5.238471 4.619463 4.069324 3.446675 3.081
5.025517 4.874863 4.889136 4.903566 4.917997 4.932427 4.946857 4.961288 4.975718 4.990149 5.004579 5.01901 5.032722 5.047123 5.075984 5.090209 5.104592 5.119022 5.133452 5.147883 5.162313 5.21455 5.250038 5.260489 5.269 5.269 5.269 5.269 5.269 5.269 5.269 5.269 5.269 5.269 5.269 5.269 5.269 5.269 5.269 5.269 5.269 5.269 5.269 5.269 5.269 5.269 5.269 5.269 5.269 5.269 5.269 5.269 5.269 5.269 5.269 5.269 5.269 5.269 5.269 5.269 5.269 5.269 5.369 5.568936 5.742048 5.745 5.759284 5.816998 5.850301 5.52373 4.842177 4.384371 3.455637 3.081
4.863571 4.870271 4.884702 4.899132 4.913562 4.927993 4.942423 4.956724 4.970428 4.984859 4.99929 5.01372 5.028011 5.042436 5.071297 5.085727 5.100158 5.114588 5.309971 5.251322 5.253409 5.262828 5.269 5.269 5.269 5.269 5.269 5.269 5.269 5.269 5.269 5.269 5.269 5.269 5.269 5.269 5.269 5.269 5.269 5.269 5.269 5.269 5.269 5.269 5.269 5.269 5.269 5.269 5.269 5.269 5.269 5.269 5.269 5.269 5.269 5.269 5.269 5.269 5.269 5.269 5.269 5.269 5.369 5.555417 5.72237 5.724496 5.724497 5.74706 5.782202 5.83713 5.294921 4.603075 3.92245 3.365253
4.875548 4.865838 4.880268 4.894698 4.908873 4.922595 4.937025 4.95145 4.96585 4.98028 4.994711 5.009141 5.023572 5.038002 5.066863 5.325716 5.262879 5.263398 5.26734 5.269 5.269 5.269 5.269 5.269 5.269 5.269 5.269 5.269 5.269 5.269 5.269 5.269 5.269 5.269 5.269 5.269 5.269 5.269 5.269 5.269 5.269 5.269 5.269 5.269 5.269 5.269 5.269 5.269 5.269 5.269 5.269 5.269 5.269 5.269 5.269 5.269 5.269 5.269 5.269 5.269 5.269 5.269 5.269 5.383269 5.540319 5.710408 5.688479 5.682166 5.747264 5.880738 5.258793 4.626869 4.168052 3.516037
4.881352 4.860403 4.874834 4.889264 4.903695 4.918125 4.932555 4.946986 4.961416 4.977402 5.010765 5.024146 5.037526 5.351417 5.269 5.269 5.269 5.269 5.269 5.269 5.269 5.269 5.269 5.269 5.269 5.269 5.269 5.269 5.269 5.269 5.269 5.269 5.269 5.269 5.269 5.269 5.269 5.269 5.269 5.269 5.269 5.269 5.269 5.269 5.269 5.269 5.269 5.269 5.269 5.269 5.269 5.269 5.269 5.269 5.269 5.269 5.269 5.269 5.269 5.269 5.269 5.269 5.269 5.369 5.550481 5.642282 5.6515 5.6515 5.669655 5.837335 5.480618 5.059219 4.386301 3.653445
4.886895 4.859005 4.870399 4.88483 4.89926 4.913691 4.939532 5.002282 5.014094 5.04347 5.369 5.269 5.269 5.269 5.269 5.269 5.269 5.269 5.269 5.269 5.269 5.269 5.269 5.269 5.269 5.269 5.269 5.269 5.269 5.269 5.269 5.269 5.269 5.269 5.269 5.269 5.269 5.269 5.269 5.269 5.269 5.269 5.269 5.269 5.269 5.269 5.269 5.269 5.268133 5.261844 5.250144 5.25244 5.269 5.269 5.269 5.269 5.269 5.269 5.269 5.269 5.269 5.269 5.269 5.269 5.369 5.55077 5.624919 5.6257 5.637467 5.656013 5.618023 5.330245 4.611815 4.051063
4.892148 4.869904 4.865965 4.880308 5.02279 5.014316 5.069301 5.369 5.269 5.269 5.269 5.269 5.269 5.269 5.269 5.269 5.269 5.269 5.269 5.269 5.269 5.269 5.269 5.269 5.269 5.269 5.269 5.269 5.269 5.269 5.269 5.269 5.269 5.269 5.269 5.269 5.269 5.269 5.269 5.269 5.269 5.269 5.269 5.269 5.269 5.269 5.269 5.269 5.229316 5.256797 5.091942 5.082198 5.279224 5.269 5.269 5.269 5.269 5.269 5.269 5.269 5.269 5.269 5.269 5.269 5.269 5.513144 5.587819 5.591806 5.591806 5.614374 5.697076 5.353981 4.841307 4.270277
5.065044 5.029569 5.02481 5.033304 5.100232 5.369 5.269 5.269 5.269 5.269 5.269 5.269 5.269 5.269 5.269 5.269 5.269 5.269 5.269 5.269 5.269 5.269 5.269 5.269 5.269 5.269 5.269 5.269 5.269 5.269 5.269 5.269 5.269 5.269 5.269 5.269 5.269 5.269 5.269 5.269 5.269 5.269 5.269 5.269 5.269 5.269 5.269 5.269 4.995719 4.978765 4.913849 4.748894 4.891327 5.269 5.269 5.269 5.269 5.269 5.269 5.269 5.269 5.269 5.269 5.269 5.269 5.511733 5.543553 5.573837 5.54616 5.562759 5.572362 5.474325 5.083098 4.496587
5.2713 5.269 5.269 5.269 5.269 5.269 5.269 5.269 5.269 5.269 5.269 5.269 5.269 5.269 5.269 5.269 5.269 5.269 5.269 5.269 5.269 5.269 5.269 5.269 5.269 5.269 5.269 5.269 5.269 5.269 5.269 5.269 5.269 5.269 5.269 5.269 5.269 5.269 5.269 5.269 5.269 5.269 5.269 5.269 5.269 5.269 5.269 5.369 5.062207 4.700847 4.53584 4.371022 4.704613 5.269 5.269 5.269 5.269 5.269 5.269 5.269 5.269 5.269 5.269 5.269 5.269 5.369 5.55534 5.514417 5.479967 5.487121 5.522796 5.637158 5.373822 4.727522
5.2713 5.269 5.269 5.269 5.269 5.269 5.269 5.269 5.269 5.269 5.269 5.269 5.269 5.269 5.269 5.269 5.269 5.269 5.269 5.269 5.269 5.269 5.269 5.269 5.269 5.269 5.269 5.269 5.269 5.269 5.269 5.269 5.269 5.269 5.269 5.269 5.269 5.269 5.269 5.269 5.269 5.269 5.269 5.269 5.269 5.269 5.269 5.369 5.062207 4.700847 4.53584 4.371022 4.704613 5.269 5.269 5.269 5.269 5.269 5.269 5.269 5.269 5.269 5.269 5.269 5.269 5.369 5.55534 5.514417 5.479967 5.487121 5.522796 5.637158 5.373822 4.727522
