terrain.asc
ncols         496
nrows         401
xllcorner     499976.01574851
yllcorner     3352081.4921597
cellsize      2.0655008894275
NODATA_value  -9999
[rows 132 to 164 of 401, columns 370 to 443 of 496]
4.88 4.88 4.88 4.88 4.88 4.88 4.88 4.88 4.88 4.88 4.88 4.88 4.88 4.88 4.88 4.88 4.88 4.88 4.88 4.88 4.88 4.88 4.88 4.88 4.88 4.88 4.88 4.88 4.88 4.88 4.88 4.88 4.88 4.88 4.88 4.88 4.88 4.88 4.88 4.88 4.88 4.88 4.88 4.88 4.88 4.88 4.88 4.88 4.88 9.88 9.88 9.88 9.88 4.88 4.88 4.88 4.851448 4.611657 3.38 3.38 4.442487 4.443422 4.805561 4.88 4.88 4.88 4.88 4.88 4.88 4.88 4.88 4.88 4.88 4.88
4.688573 4.68864 4.688706 4.688772 4.688907 4.688976 4.698943 4.88 4.88 4.88 4.88 4.696742 4.689461 4.68953 4.6896 4.689669 4.689738 4.689807 4.689946 4.841936 4.88 4.88 4.88 4.88 4.88 4.88 4.88 4.88 4.88 4.88 4.88 4.88 4.88 4.88 4.88 4.88 4.88 4.88 4.88 4.88 4.88 4.88 4.88 4.88 4.88 4.88 9.88 9.88 9.88 9.88 9.88 9.88 9.88 9.88 4.88 4.88 4.88 4.693776 3.38 3.38 3.38 4.434144 4.811787 4.88 4.88 4.88 4.88 4.88 4.88 4.88 4.88 4.88 4.88 4.88
3.852 3.852 3.852 3.852 3.852 3.852 4.041886 4.677501 4.67757 4.677639 4.677709 4.018923 3.852 3.852 3.852 3.852 3.852 3.852 3.852 4.428891 4.678473 4.678545 4.671879 4.98 4.88 4.88 4.88 4.88 4.88 4.88 4.88 4.88 4.88 4.88 4.88 4.88 4.88 4.88 4.88 4.88 4.88 4.88 4.88 4.88 9.88 9.88 9.88 9.88 9.88 9.88 9.88 9.88 9.88 9.88 4.88 4.88 4.88 4.807327 3.384371 3.38 3.38 4.681449 4.88 4.88 4.88 4.88 4.88 4.88 4.88 4.88 4.88 4.88 4.88 4.88
3.852 3.852 3.852 3.852 3.852 3.852 3.852 3.852 3.852 3.852 3.852 3.852 3.852 3.852 3.852 3.852 3.852 3.852 3.852 3.852 3.852 3.852 4.08318 4.667075 4.688288 4.98 4.88 4.88 4.88 4.88 4.88 4.88 4.88 4.88 4.88 4.88 4.88 4.88 4.88 4.88 4.88 9.88 9.88 9.88 9.88 9.88 9.88 9.88 9.88 9.88 9.88 9.88 9.88 9.88 4.88 4.88 4.88 4.869131 3.504023 3.38 3.38 4.289271 4.803039 4.88 4.88 4.88 4.88 4.88 4.88 4.88 4.88 4.88 4.88 4.88
3.852 3.852 3.852 3.852 3.852 3.852 3.852 3.852 3.852 3.852 3.852 3.852 3.852 3.852 3.852 3.852 3.852 3.852 3.852 3.852 3.852 3.852 3.852 3.852 4.085744 4.603849 4.98 4.98 4.88 4.88 4.88 4.88 4.88 4.88 4.88 4.88 4.88 4.88 9.88 9.88 9.88 9.88 9.88 9.88 9.88 9.88 9.88 9.88 9.88 9.88 9.88 9.88 9.88 9.88 9.88 4.88 4.88 4.88 3.507345 3.38 3.38 3.38 4.624732 4.88 4.88 4.88 4.88 4.88 4.88 4.88 4.88 4.88 4.88 4.88
3.852 3.852 3.852 3.852 3.852 3.852 3.852 3.852 3.852 3.852 3.852 3.852 3.852 3.852 3.852 3.852 3.852 3.852 3.852 3.852 3.852 3.852 3.852 3.852 3.852 4.023895 4.444064 4.390648 4.98 4.88 4.88 4.88 4.88 4.88 4.88 4.88 4.88 4.88 9.88 9.88 9.88 9.88 9.88 9.88 9.88 9.88 9.88 9.88 9.88 9.88 9.88 9.88 9.88 9.88 9.88 4.88 4.88 4.88 4.040876 3.516219 3.38 3.38 4.616259 4.877843 4.88 4.88 4.88 4.88 4.88 4.88 9.88 9.88 9.88 9.88
3.852 3.852 3.852 3.852 3.852 3.852 3.852 3.852 3.852 3.852 3.852 3.852 3.852 3.852 3.852 3.852 3.852 3.852 3.852 3.852 3.852 3.852 3.852 3.852 3.852 3.852 3.852 4.05607 4.385063 4.98 4.88 4.88 4.88 4.88 4.88 4.88 4.88 4.88 9.88 9.88 9.88 9.88 9.88 9.88 9.88 9.88 9.88 9.88 9.88 9.88 9.88 9.88 9.88 9.88 9.88 9.88 4.88 4.88 4.686327 3.558716 3.38 3.38 3.838123 4.682841 4.88 4.88 4.88 9.88 9.88 9.88 9.88 9.88 9.88 9.88
3.852 3.852 3.852 3.852 3.852 3.852 3.852 3.852 3.852 3.852 3.852 3.852 3.852 3.852 3.852 3.852 3.852 3.852 3.852 3.852 3.852 3.852 3.852 3.852 3.852 3.852 3.852 4.05607 4.385063 4.98 4.88 4.88 4.88 4.88 4.88 4.88 4.88 4.88 9.88 9.88 9.88 9.88 9.88 9.88 9.88 9.88 9.88 9.88 9.88 9.88 9.88 9.88 9.88 9.88 9.88 9.88 4.88 4.88 4.686327 3.558716 3.38 3.38 3.838123 4.682841 4.88 4.88 4.88 9.88 9.88 9.88 9.88 9.88 9.88 9.88
3.852 3.852 3.852 3.852 3.852 3.852 3.852 3.852 3.852 3.852 3.852 3.852 3.852 3.852 3.852 3.852 3.852 3.852 3.852 3.852 3.852 3.852 3.852 3.852 3.852 3.852 3.852 3.852 4.094184 4.98 4.88 4.88 4.88 4.88 4.88 4.88 4.88 4.88 4.88 9.88 9.88 9.88 9.88 9.88 9.88 9.88 9.88 9.88 9.88 9.88 9.88 9.88 9.88 9.88 9.88 9.88 4.88 4.88 4.88 4.499011 3.582989 3.38 3.38 4.668149 4.88 4.88 4.88 9.88 9.88 9.88 9.88 9.88 9.88 9.88
3.852 3.852 3.852 3.852 3.852 3.852 3.852 3.852 3.852 3.852 3.852 3.852 3.852 3.852 3.852 3.852 3.852 3.852 3.852 3.852 3.852 3.852 3.852 3.852 3.852 3.852 3.852 3.852 4.094267 4.88 4.88 4.88 4.88 4.88 4.88 4.88 4.88 4.88 4.88 9.88 9.88 9.88 9.88 9.88 9.88 9.88 9.88 9.88 9.88 9.88 9.88 9.88 9.88 9.88 9.88 4.88 4.88 4.88 4.88 4.878531 3.520634 3.38 3.38 4.668282 4.88 4.88 4.88 9.88 9.88 9.88 9.88 9.88 9.88 9.88
3.852 3.752 3.852 4.009231 4.836006 4.835937 4.835867 4.665511 3.852 3.852 3.852 3.852 3.852 3.852 3.852 3.852 3.852 3.852 3.852 3.852 3.852 3.852 3.852 3.852 3.852 3.852 3.852 3.852 3.862786 4.092063 4.98 4.88 4.88 4.88 4.88 4.88 4.88 4.88 4.88 9.88 9.88 9.88 9.88 9.88 9.88 9.88 9.88 9.88 9.88 9.88 9.88 9.88 4.88 4.88 4.88 4.88 4.88 4.88 4.88 4.88 3.520648 3.38 3.38 3.53621 4.628896 4.88 4.88 9.88 9.88 9.88 9.88 9.88 9.88 9.88
3.87751 4.243852 4.88 4.88 4.88 4.88 4.88 4.88 4.845525 3.856575 3.852 3.852 3.852 3.852 3.852 3.852 3.852 3.852 3.852 3.852 3.852 3.852 3.852 3.852 3.852 3.852 3.852 3.852 3.852 4.055385 4.88 4.88 4.88 4.88 4.88 4.88 4.88 4.88 4.88 4.88 9.88 9.88 9.88 9.88 9.88 9.88 9.88 9.88 9.88 4.88 4.88 4.88 4.88 4.88 4.88 4.88 4.88 4.88 4.88 4.88 4.88 3.577495 3.38 3.38 4.611568 4.88 4.88 4.88 9.88 9.88 9.88 9.88 9.88 9.88
4.237998 4.88 4.88 4.88 4.88 4.88 4.88 4.88 4.851461 4.034601 4.030818 4.030749 4.03068 4.13061 3.886691 3.852 3.852 3.852 3.852 3.852 3.852 3.852 3.852 3.852 3.852 3.852 3.852 3.852 3.852 4.020355 4.631031 4.88 4.88 4.88 4.88 4.88 4.88 4.88 4.88 4.88 9.88 9.88 9.88 9.88 9.88 9.88 4.88 4.88 4.88 4.88 4.88 4.88 4.88 4.88 4.88 4.88 4.88 4.88 4.88 4.88 4.88 3.577363 3.38 3.38 4.419568 4.807831 4.88 4.88 9.88 9.88 9.88 9.88 9.88 9.88
4.238075 4.88 4.88 4.88 4.88 4.88 4.88 4.88 4.88 4.98 4.88 4.88 4.88 4.88 4.151662 3.852 3.852 3.852 3.852 3.852 3.852 3.852 3.852 3.852 3.852 3.852 3.852 3.852 3.852 3.852 4.016502 4.88 4.88 4.88 4.88 4.88 4.88 4.88 4.88 4.88 9.88 9.88 9.88 9.88 4.88 4.88 4.88 4.88 4.88 4.88 4.88 4.88 4.88 4.88 4.88 4.88 4.88 4.88 4.88 4.88 4.88 4.040152 3.550797 3.38 3.38 4.454856 4.88 4.88 9.88 9.88 9.88 9.88 9.88 9.88
4.238153 4.88 4.88 4.88 4.88 4.88 4.88 4.88 4.88 4.88 4.88 4.88 4.88 4.88 4.475349 3.945247 3.852 3.852 3.852 3.852 3.852 3.852 3.852 3.852 3.852 3.852 3.852 3.852 3.852 3.852 4.016586 4.88 4.88 4.88 4.88 4.88 4.88 4.88 4.88 4.88 4.88 4.88 4.88 4.88 4.88 4.88 4.88 4.88 4.88 4.88 4.88 4.88 4.88 4.88 4.88 4.88 4.88 4.88 4.88 4.88 4.88 4.88 3.634077 3.38 3.38 4.454989 4.88 4.88 4.88 9.88 9.88 9.88 9.88 9.88
4.23823 4.88 4.88 4.88 4.88 4.88 4.88 4.88 4.88 4.88 4.88 4.88 4.88 4.88 4.88 4.19055 3.852 3.852 3.852 3.852 3.852 3.852 3.852 3.852 3.852 3.852 3.852 3.852 3.852 3.852 4.01667 4.88 4.88 4.88 4.88 4.88 4.88 4.88 4.88 4.88 4.88 4.88 4.88 4.88 4.88 4.88 4.88 4.88 4.88 4.88 4.88 4.88 4.88 4.88 4.88 4.88 4.88 4.88 4.88 4.88 4.88 4.88 3.633945 3.38 3.38 4.022485 4.641316 4.88 4.88 4.88 9.88 9.88 9.88 9.88
4.238307 4.88 4.88 4.88 4.88 4.88 4.88 4.88 4.88 4.88 4.88 4.88 4.88 4.88 4.88 4.09047 3.852 3.852 3.852 3.852 3.852 3.852 3.852 3.852 3.852 3.852 3.852 3.852 3.852 4.075681 4.54057 4.88 4.88 4.88 4.88 4.88 4.88 4.88 4.88 4.88 4.88 4.88 4.88 4.88 4.88 4.88 4.88 4.88 4.88 4.88 4.88 4.88 4.88 4.88 4.88 4.88 4.88 4.88 4.88 4.88 4.88 4.88 4.439098 3.555871 3.38 3.38 4.498278 4.88 4.88 4.88 9.88 9.88 9.88 9.88
4.238384 4.88 4.88 4.88 4.88 4.88 4.88 4.88 4.88 4.88 4.88 4.88 4.88 4.88 4.88 4.090389 3.852 3.852 3.852 3.852 3.852 3.852 3.852 3.852 3.852 3.852 3.852 3.852 4.025822 4.745492 4.98 4.88 4.88 4.88 4.88 4.88 4.88 4.88 4.88 4.88 4.88 4.88 4.88 4.88 4.88 4.88 4.88 4.88 4.88 4.88 4.88 4.88 4.88 4.88 4.88 4.88 4.88 4.88 4.88 4.88 4.88 4.88 4.801066 3.670982 3.38 3.38 4.47616 4.868234 4.88 4.88 9.88 9.88 9.88 9.88
4.238461 4.88 4.88 4.88 4.88 4.88 4.88 4.88 4.88 4.88 4.88 4.88 4.88 4.88 4.88 4.090309 3.852 3.852 3.852 3.852 3.852 3.852 3.852 3.852 3.852 3.852 4.01667 4.699233 4.741911 4.88 4.88 4.88 4.88 4.88 4.88 4.88 4.88 4.88 4.88 4.88 4.88 4.88 4.88 4.88 4.88 4.88 4.88 4.88 4.88 4.88 4.88 4.88 4.88 4.88 4.88 4.88 4.88 4.88 4.88 4.88 4.88 4.88 4.865899 3.68701 3.38 3.38 3.556664 4.434998 4.88 4.88 4.88 9.88 9.88 9.88
4.238539 4.88 4.88 4.88 4.88 4.88 4.88 4.88 4.88 4.88 4.88 4.88 4.88 4.88 4.006135 3.867811 3.852 3.852 3.852 3.852 3.852 3.852 3.852 3.852 4.224516 4.810991 4.832503 4.88 4.88 4.88 4.88 4.88 4.88 4.88 4.88 4.88 4.88 4.88 4.88 4.88 4.88 4.88 4.88 4.88 4.88 4.88 4.88 4.88 4.88 4.88 4.88 4.88 4.88 4.88 4.88 4.88 4.88 4.88 4.88 4.88 4.88 4.88 4.88 4.626512 3.699943 3.38 3.38 4.441702 4.88 4.88 4.88 9.88 9.88 9.88
4.238616 4.88 4.88 4.88 4.88 4.88 4.88 4.88 4.88 4.88 4.88 4.88 4.88 4.843254 4.042685 3.852 3.852 3.852 3.852 3.852 3.852 3.873552 4.452403 4.88 4.88 4.88 4.88 4.88 4.88 4.88 4.88 4.88 4.88 4.88 4.88 4.88 4.88 4.88 4.88 4.88 4.88 4.88 4.88 4.88 4.88 4.88 4.88 4.88 4.88 4.88 4.88 4.88 4.88 4.88 4.88 9.88 9.88 9.88 4.88 4.88 4.88 4.88 4.88 4.88 3.847235 3.38 3.38 4.441836 4.88 4.88 4.88 9.88 4.88 4.88
4.238616 4.88 4.88 4.88 4.88 4.88 4.88 4.88 4.88 4.88 4.88 4.88 4.88 4.843254 4.042685 3.852 3.852 3.852 3.852 3.852 3.852 3.873552 4.452403 4.88 4.88 4.88 4.88 4.88 4.88 4.88 4.88 4.88 4.88 4.88 4.88 4.88 4.88 4.88 4.88 4.88 4.88 4.88 4.88 4.88 4.88 4.88 4.88 4.88 4.88 4.88 4.88 4.88 4.88 4.88 4.88 9.88 9.88 9.88 4.88 4.88 4.88 4.88 4.88 4.88 3.847235 3.38 3.38 4.441836 4.88 4.88 4.88 9.88 4.88 4.88
4.079977 4.676737 4.88 4.88 4.88 4.88 4.88 4.88 4.88 4.88 4.98 4.637092 4.624794 4.087831 3.852 3.852 3.852 3.852 3.852 4.041466 4.00658 4.445463 4.88 4.88 4.88 4.88 4.88 4.88 4.88 4.88 4.88 4.88 4.88 4.88 4.88 4.88 4.88 4.88 4.88 4.88 4.88 4.88 4.88 4.88 4.88 4.88 4.88 4.88 4.88 4.88 4.88 4.88 9.88 9.88 9.88 9.88 9.88 9.88 4.88 4.88 4.88 4.88 4.88 4.88 3.847102 3.38 3.38 4.441969 4.88 4.88 4.88 4.88 4.88 4.88
3.852 4.009193 4.692769 4.88 4.88 4.88 4.88 4.88 4.88 4.98 4.724143 4.012561 3.852 3.852 3.852 3.852 3.852 3.852 4.018335 4.658987 4.88 4.88 4.88 4.88 4.88 4.88 4.88 4.88 4.88 4.88 4.88 4.88 4.88 4.88 4.88 4.88 4.88 4.88 4.88 4.88 4.88 4.88 4.88 4.88 4.88 4.88 4.88 4.88 4.88 9.88 9.88 9.88 9.88 9.88 9.88 9.88 9.88 9.88 4.88 4.88 4.88 4.88 4.88 4.88 3.84697 3.38 3.38 4.442103 4.88 4.88 4.88 4.88 4.88 4.88
3.852 3.852 4.046866 4.600877 4.88 4.98 4.938165 4.50122 4.501289 4.501359 3.778957 3.852 3.852 3.852 3.852 3.852 4.028278 4.230088 4.88 4.88 4.88 4.88 4.88 4.88 4.88 4.88 4.88 4.88 4.88 4.88 4.88 4.88 4.88 4.88 4.88 4.88 4.88 4.88 4.88 4.88 4.88 4.88 4.88 4.88 4.88 4.88 9.88 9.88 9.88 9.88 9.88 9.88 9.88 9.88 9.88 9.88 9.88 9.88 4.88 4.88 4.88 4.88 4.88 4.88 3.846837 3.38 3.38 4.442237 4.88 4.88 4.88 4.88 4.88 4.88
3.852 3.852 3.852 3.852 4.489398 4.489467 4.330138 3.752 3.752 3.752 3.852 3.852 3.852 3.852 4.247178 4.44184 4.635038 4.98 4.88 4.88 4.88 4.88 4.88 4.88 4.88 4.88 4.88 4.88 4.88 4.88 4.88 4.88 4.88 4.88 4.88 4.88 4.88 4.88 4.88 4.88 4.88 4.88 4.88 4.88 9.88 9.88 9.88 9.88 9.88 9.88 9.88 9.88 9.88 9.88 9.88 9.88 9.88 9.88 9.88 4.88 4.88 4.88 4.88 4.88 3.846704 3.38 3.38 4.442371 4.88 4.88 4.88 4.88 4.88 4.88
3.852 3.852 3.852 3.852 3.852 3.852 3.752 3.852 3.852 3.852 3.752 3.752 4.383075 4.353593 4.797568 4.98 4.88 4.88 4.88 4.88 4.88 4.88 4.88 4.88 4.88 9.88 9.88 9.88 9.88 9.88 9.88 9.88 4.88 4.88 4.88 4.88 4.88 4.88 4.88 9.88 9.88 9.88 9.88 9.88 9.88 9.88 9.88 9.88 9.88 9.88 9.88 9.88 9.88 9.88 9.88 9.88 9.88 9.88 9.88 4.88 4.88 4.88 4.88 4.88 3.846571 3.38 3.38 4.442505 4.88 4.88 4.88 4.88 4.88 4.88
3.852 3.852 3.852 3.852 3.852 3.852 3.752 3.752 3.752 3.752 4.535967 4.565345 4.943101 4.98 4.88 4.88 4.88 4.88 4.88 4.88 4.88 4.88 9.88 9.88 9.88 9.88 9.88 9.88 9.88 9.88 9.88 9.88 4.88 4.88 4.88 4.88 4.88 4.88 4.88 9.88 9.88 9.88 9.88 9.88 9.88 9.88 9.88 9.88 9.88 9.88 9.88 9.88 9.88 9.88 9.88 9.88 9.88 9.88 9.88 9.88 4.88 4.88 4.88 4.88 3.846438 3.38 3.38 4.442638 4.88 4.88 4.88 4.88 4.88 4.88
3.852 3.852 3.852 3.852 4.677444 4.677375 4.777306 4.777236 4.777167 4.777098 4.971638 4.88 4.88 4.88 4.88 4.88 4.88 4.88 4.88 9.88 9.88 9.88 9.88 9.88 9.88 9.88 9.88 9.88 9.88 9.88 9.88 9.88 4.88 4.88 4.88 4.88 4.88 4.88 4.88 9.88 9.88 9.88 9.88 9.88 9.88 9.88 9.88 9.88 9.88 9.88 9.88 9.88 9.88 9.88 9.88 9.88 9.88 9.88 9.88 9.88 4.88 4.88 4.88 4.88 3.846305 3.38 3.38 4.442772 4.88 4.88 4.88 4.88 4.88 4.88
3.852 3.852 3.852 4.098237 4.88 4.88 4.88 4.88 4.88 4.88 4.88 4.88 4.88 4.88 4.88 4.88 4.88 9.88 9.88 9.88 9.88 9.88 9.88 9.88 9.88 9.88 9.88 9.88 9.88 9.88 9.88 9.88 9.88 4.88 4.88 4.88 4.88 4.88 4.88 4.88 9.88 9.88 9.88 9.88 9.88 9.88 9.88 9.88 9.88 9.88 9.88 9.88 9.88 9.88 9.88 9.88 9.88 9.88 9.88 9.88 4.88 4.88 4.88 4.88 3.846172 3.38 3.38 4.442906 4.88 4.88 4.88 4.88 4.88 4.88
3.852 3.859094 4.075814 4.88 4.88 4.88 4.88 4.88 4.88 4.88 4.88 4.88 4.88 4.88 9.88 9.88 9.88 9.88 9.88 9.88 9.88 9.88 9.88 9.88 9.88 9.88 9.88 9.88 9.88 9.88 9.88 9.88 9.88 4.88 4.88 4.88 4.88 4.88 4.88 4.88 9.88 9.88 9.88 9.88 9.88 9.88 9.88 9.88 9.88 9.88 9.88 9.88 9.88 9.88 9.88 9.88 9.88 9.88 4.88 4.88 4.88 4.88 4.88 4.879603 3.845918 3.38 3.38 4.44304 4.88 4.88 4.88 4.88 4.88 4.88
3.852 4.200343 4.88 4.88 4.88 4.88 4.88 4.88 4.88 4.88 4.88 4.88 4.88 4.88 9.88 9.88 9.88 9.88 9.88 9.88 9.88 9.88 9.88 9.88 9.88 9.88 9.88 9.88 9.88 9.88 9.88 9.88 9.88 4.88 4.88 4.88 4.88 4.88 4.88 4.88 9.88 9.88 9.88 9.88 9.88 9.88 9.88 9.88 9.88 9.88 9.88 9.88 9.88 9.88 9.88 4.88 4.88 4.88 4.88 4.88 4.88 4.88 4.88 4.850942 3.83698 3.38 3.38 4.443174 4.88 4.88 4.88 4.88 4.88 4.88
4.044055 4.461832 4.98 4.88 4.88 4.88 4.88 4.88 4.88 4.88 4.88 4.88 4.88 4.88 4.88 9.88 9.88 9.88 9.88 9.88 9.88 9.88 9.88 9.88 9.88 9.88 9.88 9.88 9.88 9.88 9.88 9.88 9.88 9.88 4.88 4.88 4.88 4.88 4.88 4.88 4.88 9.88 9.88 9.88 9.88 9.88 9.88 9.88 9.88 9.88 9.88 9.88 4.88 4.88 4.88 4.88 4.88 4.88 4.88 4.88 4.88 4.88 4.88 4.695631 3.81987 3.38 3.38 4.443307 4.88 4.88 4.88 4.88 4.88 4.88
