terrain.asc
ncols         496
nrows         401
xllcorner     499976.01574851
yllcorner     3352081.4921597
cellsize      2.0655008894275
NODATA_value  -9999
[rows 330 to 362 of 401, columns 222 to 295 of 496]
4.767 4.767 4.768719 5.227076 5.224426 5.234425 5.272865 5.239577 5.076118 4.666471 4.146226 3.115884 3.081 3.081 3.081 3.081 3.081 3.081 3.081 3.081 3.081 3.081 3.194778 3.585588 4.089038 4.137166 4.198522 4.204934 4.21696 4.256215 4.443327 4.516023 4.718694 4.723599 4.783442 4.878099 4.88 4.88 4.88 4.88 4.88 4.88 4.88 4.88 4.88 9.88 9.88 9.88 9.88 9.88 9.88 9.88 9.88 9.88 9.88 9.88 9.88 9.88 9.88 9.88 9.88 9.88 9.88 9.88 9.88 9.88 9.88 9.88 9.88 9.88 9.88 9.88 9.88 9.88
4.767 4.767 4.767 5.028544 5.229912 5.275 5.277587 5.291447 5.262223 5.014062 4.611438 4.181663 3.150501 3.081 3.081 3.081 3.081 3.081 3.081 3.081 3.081 3.081 3.081 3.537637 4.017336 4.066167 4.150078 4.19417 4.201494 4.211848 4.422028 4.420863 4.495788 4.735326 4.717147 4.876801 4.88 4.88 4.88 4.88 4.88 4.88 4.88 4.88 4.88 9.88 9.88 9.88 9.88 9.88 9.88 9.88 9.88 9.88 9.88 9.88 9.88 9.88 9.88 9.88 9.88 9.88 9.88 9.88 9.88 9.88 9.88 9.88 9.88 9.88 9.88 9.88 9.88 9.88
4.767 4.767 4.767 4.898971 5.228916 5.282457 5.243846 5.496415 5.584517 5.299106 5.032271 4.341431 3.461705 3.102688 3.081 3.081 3.081 3.081 3.081 3.081 3.081 3.081 3.081 3.507928 3.818286 4.032358 4.048489 4.127789 4.156291 4.156611 4.155015 4.069609 4.259045 4.466434 4.742367 4.938287 4.87784 4.88 4.88 4.88 4.88 4.88 4.88 4.88 4.88 9.88 9.88 9.88 9.88 9.88 9.88 9.88 9.88 9.88 9.88 9.88 9.88 9.88 9.88 9.88 9.88 9.88 9.88 9.88 9.88 9.88 9.88 9.88 9.88 9.88 9.88 9.88 9.88 9.88
4.767 4.767 4.767 4.820658 5.032218 5.200956 5.496871 5.508506 5.559895 5.550269 5.335303 4.665804 4.366811 3.105531 3.081 3.081 3.081 3.081 3.081 3.081 3.081 3.081 3.081 3.374313 3.826477 3.899096 4.004308 4.026075 4.111849 4.135094 4.12795 4.127709 4.136807 4.238259 4.482337 4.768294 4.868119 4.88 4.88 4.88 4.88 4.88 4.88 4.88 4.88 4.88 9.88 9.88 9.88 9.88 9.88 9.88 9.88 9.88 9.88 9.88 9.88 9.88 9.88 9.88 9.88 9.88 9.88 9.88 9.88 9.88 9.88 9.88 9.88 9.88 9.88 9.88 9.88 9.88
4.767 4.767 4.767 4.803504 5.069005 5.347663 5.497561 5.589756 5.686604 5.681816 5.573209 5.086353 4.33111 3.473342 3.138481 3.081 3.081 3.081 3.081 3.081 3.081 3.081 3.081 3.156161 3.558848 3.710009 3.767313 3.887543 4.025101 4.119092 4.123411 4.116625 4.116683 4.126529 4.287438 4.614446 4.965216 4.88 4.88 4.88 4.88 4.88 4.88 4.88 4.88 4.88 9.88 9.88 9.88 9.88 9.88 9.88 9.88 9.88 9.88 9.88 9.88 9.88 9.88 9.88 9.88 9.88 9.88 9.88 9.88 9.88 9.88 9.88 9.88 9.88 9.88 9.88 9.88 9.88
4.767 4.767 4.767 4.782055 4.89601 5.195673 5.475374 5.693965 5.713 5.712058 5.587948 5.099777 4.490314 4.116202 3.126493 3.081 3.081 3.081 3.081 3.081 3.081 3.081 3.081 3.181 3.349352 3.696 3.705046 3.875029 4.048843 4.103306 4.108757 4.097092 4.071561 4.074435 4.027506 4.40355 4.626352 4.867231 4.88 4.88 4.88 4.88 4.88 4.88 4.88 4.88 9.88 9.88 9.88 9.88 9.88 9.88 9.88 9.88 9.88 9.88 9.88 9.88 9.88 9.88 9.88 9.88 9.88 9.88 9.88 9.88 9.88 9.88 9.88 9.88 9.88 9.88 9.88 4.88
4.767 4.767 4.767 4.767 4.839963 5.139842 5.438861 5.713 5.713 5.713 5.709646 5.239255 4.621504 4.13001 3.12817 3.081 3.081 3.081 3.081 3.081 3.081 3.081 3.081 3.081 3.183913 3.567921 3.696 3.714559 3.807697 4.0826 4.094897 4.059605 4.020564 4.001625 4.023199 4.062515 4.462749 4.842102 4.88 4.88 4.88 4.88 4.88 4.88 4.88 4.88 4.88 9.88 9.88 9.88 9.88 9.88 9.88 9.88 9.88 9.88 9.88 9.88 9.88 9.88 9.88 9.88 9.88 9.88 9.88 9.88 9.88 9.88 9.88 9.88 9.88 4.88 4.88 4.88
4.667 4.767 4.767 4.767 4.822785 5.07146 5.39492 5.687437 5.713 5.711732 5.580811 5.24777 4.649673 4.141604 3.129501 3.081 3.081 3.081 3.081 3.081 3.081 3.081 3.081 3.081 3.081 3.148377 3.508779 3.6902 3.701944 3.873807 4.006223 3.990533 3.972311 3.951535 3.952595 4.106266 4.073246 4.603725 4.834488 4.88 4.88 4.88 4.88 4.88 4.88 4.88 4.88 9.88 9.88 9.88 9.88 9.88 9.88 9.88 9.88 9.88 9.88 9.88 9.88 9.88 9.88 9.88 9.88 9.88 9.88 9.88 9.88 9.88 4.88 4.88 4.88 4.88 4.691618 4.343373
5.065849 4.767 4.767 4.767 4.775459 4.890987 5.308259 5.617225 5.679624 5.676529 5.506021 5.247999 4.663452 4.051558 3.130827 3.081 3.081 3.081 3.081 3.081 3.081 3.081 3.081 3.081 3.081 3.081 3.117421 3.345277 3.688 3.68964 3.8355 3.827227 3.906498 3.943 3.943099 3.948074 3.992678 4.082466 4.65243 4.872606 4.88 4.88 4.88 4.88 4.88 4.88 4.88 4.88 9.88 9.88 9.88 9.88 9.88 9.88 9.88 9.88 9.88 9.88 9.88 9.88 9.88 9.88 4.88 4.88 4.88 4.88 4.88 4.88 4.88 4.88 4.614754 4.390939 4.162626 4.119548
5.005199 4.767 4.767 4.767 4.767 4.827372 5.135735 5.573658 5.600392 5.594098 5.554874 5.292677 4.609609 4.08275 3.135077 3.081 3.181 3.181 3.081 3.081 3.081 3.081 3.081 3.081 3.081 3.081 3.081 3.192335 3.164763 3.637786 3.614517 3.638214 3.867515 3.874247 3.873297 3.825283 3.726052 4.107375 4.187528 4.666036 4.88 4.88 4.88 4.88 4.88 4.88 4.88 4.88 9.88 9.88 9.88 9.88 9.88 9.88 9.88 9.88 9.88 9.88 9.88 4.88 4.88 4.88 4.88 4.88 4.88 4.88 4.88 4.646826 4.329006 4.327748 4.106262 3.779553 3.775746 3.776157
5.014251 4.680161 4.767 4.767 4.767 4.777388 4.884513 5.254133 5.541454 5.536185 5.320585 5.25228 4.616662 4.084547 3.135279 3.081 3.691864 3.891119 3.38035 3.122161 3.197921 3.081 3.081 3.081 3.081 3.081 3.081 3.081 3.081 3.103095 3.575674 3.579272 3.615654 3.841866 3.771377 3.784511 3.78591 3.786842 3.976206 4.133387 4.601803 4.871291 4.88 4.88 4.88 4.88 4.88 4.88 9.88 9.88 9.88 9.88 9.88 9.88 9.88 9.88 4.88 4.88 4.88 4.88 4.867147 4.846596 4.844861 4.851283 4.345292 4.323877 4.352674 4.122766 3.987181 3.751265 3.732957 3.433538 3.181 3.181
5.18 5.020835 4.767 4.767 4.767 4.767 4.81081 5.077897 5.321 5.321 5.320533 5.244224 4.714273 4.08432 3.135229 3.194221 4.043762 3.949 3.914945 3.892911 3.58965 3.109586 3.109553 3.148525 3.081 3.081 3.081 3.081 3.081 3.081 3.181 3.123738 3.514012 3.533118 3.65234 3.662292 3.68618 3.707881 3.747944 3.749912 4.174885 4.602149 4.845004 4.88 4.88 4.88 4.88 4.88 4.88 9.88 9.88 9.88 9.88 4.88 4.88 4.88 4.876165 4.696236 4.64573 4.625448 4.604586 4.15099 4.120574 4.330644 4.355635 4.35673 3.945801 3.724799 3.702847 3.166587 3.181 3.081 3.081 3.081
5.18 5.020817 4.767 4.767 4.767 4.767 4.791683 5.071107 5.221 5.321 5.320128 5.278801 4.704826 4.084954 3.135375 3.792735 3.953025 3.953024 3.953023 3.93331 3.91337 3.907645 3.907641 3.61782 3.102673 3.181 3.081 3.081 3.081 3.081 3.081 3.081 3.081 3.198971 3.395637 3.515389 3.537216 3.650185 3.805004 3.753134 3.763318 4.150867 4.610835 4.675364 4.848529 4.88 4.88 4.88 4.88 9.88 9.88 4.88 4.858454 4.688957 4.619484 4.648955 4.667494 4.32917 3.991309 3.713736 3.712756 3.700301 3.78242 3.781382 3.7021 3.707156 3.150728 3.181 3.181 3.081 3.081 3.081 3.081 3.081
5.18 5.020817 4.767 4.767 4.767 4.767 4.791683 5.071107 5.221 5.321 5.320128 5.278801 4.704826 4.084954 3.135375 3.792735 3.953025 3.953024 3.953023 3.93331 3.91337 3.907645 3.907641 3.61782 3.102673 3.181 3.081 3.081 3.081 3.081 3.081 3.081 3.081 3.198971 3.395637 3.515389 3.537216 3.650185 3.805004 3.753134 3.763318 4.150867 4.610835 4.675364 4.848529 4.88 4.88 4.88 4.88 9.88 9.88 4.88 4.858454 4.688957 4.619484 4.648955 4.667494 4.32917 3.991309 3.713736 3.712756 3.700301 3.78242 3.781382 3.7021 3.707156 3.150728 3.181 3.181 3.081 3.081 3.081 3.081 3.081
5.18 5.080908 4.868733 4.767 4.767 4.767 4.767 4.828276 5.28186 5.321 5.319723 5.214317 4.70014 4.200306 3.522196 3.762903 3.964 3.964 3.964 3.964 3.964 3.964 3.964 3.941214 3.696537 3.513462 3.193472 3.181 3.081 3.081 3.081 3.081 3.081 3.081 3.081 3.081 3.181 3.356745 3.561901 3.696627 3.821173 4.077888 4.180787 4.397232 4.694962 4.663708 4.659969 4.682532 4.626301 4.804093 4.88 4.614732 4.313931 4.194483 3.93679 3.789447 3.735014 3.776999 3.48576 3.490926 3.489869 3.125627 3.183534 3.181 3.181 3.181 3.081 3.081 3.081 3.081 3.081 3.181 3.15658 3.192623
5.18 5.18 5.036454 4.767 4.767 4.767 4.767 4.809148 5.235188 5.321 5.319698 5.211895 4.770411 4.291287 4.020123 3.967122 3.964 3.964 3.964 3.964 3.964 3.964 3.964 3.964 3.964 4.064 3.899901 3.370954 3.181 3.181 3.081 3.081 3.081 3.081 3.081 3.081 3.081 3.081 3.181 3.350036 3.52655 3.581916 3.577204 4.182228 4.372328 4.399174 4.394 4.324975 4.311907 4.651587 4.386855 3.939148 3.463281 3.134624 3.129593 3.154501 3.14748 3.197651 3.181 3.081 3.081 3.081 3.081 3.081 3.081 3.081 3.081 3.081 3.081 3.181 3.101132 3.410595 3.756929 4.186928
5.18 5.18 5.036435 4.767 4.767 4.767 4.767 4.779499 5.003379 5.265885 5.320056 5.27057 4.960357 4.368402 4.086792 3.975994 3.964 3.964 3.964 3.964 3.964 3.964 3.964 3.964 3.964 3.964 3.964 3.848087 3.605086 3.575559 3.081 3.081 3.081 3.081 3.081 3.081 3.081 3.081 3.081 3.081 3.081 3.181 3.181 3.501769 3.446823 3.475088 3.475145 3.475202 3.49782 3.72544 3.483035 3.113193 3.134046 3.091252 3.081 3.081 3.081 3.081 3.081 3.081 3.081 3.081 3.081 3.081 3.081 3.081 3.181 3.136372 3.441782 3.725304 3.90069 4.394199 4.602792 4.837722
5.18 5.18 5.137392 4.767 4.767 4.767 4.767 4.767 4.804482 5.228274 5.320793 5.288204 4.931639 4.718927 4.062579 3.987663 3.964 3.964 3.964 3.964 3.964 3.964 3.964 3.964 3.964 3.964 3.964 3.964 4.064 3.898981 3.181 3.181 3.081 3.081 3.081 3.081 3.081 3.081 3.081 3.081 3.081 3.081 3.081 3.181 3.181 3.181 3.181 3.181 3.181 3.181 3.181 3.081 3.081 3.081 3.081 3.081 3.081 3.081 3.081 3.081 3.081 3.081 3.181 3.181 3.181 3.455946 3.741275 4.131309 4.441297 4.62793 4.814059 5.091031 5.030569 5.032694
5.18 5.18 5.18 4.767 4.767 4.767 4.767 4.767 4.804502 5.228279 5.321 5.321 5.26209 4.733207 4.330328 3.99873 3.964 3.964 3.964 3.964 3.964 3.964 3.964 3.964 3.964 3.964 3.964 3.964 3.964 3.964 3.869219 3.562159 3.181 3.181 3.081 3.081 3.081 3.081 3.081 3.081 3.081 3.081 3.081 3.081 3.081 3.081 3.081 3.081 3.081 3.081 3.081 3.081 3.081 3.081 3.081 3.081 3.081 3.081 3.081 3.181 3.181 3.181 3.497228 3.747333 4.110384 4.452394 4.66641 5.025666 5.0934 5.04058 5.061467 5.051413 5.043716 5.03602
5.18 5.18 5.18 4.667 4.767 4.767 4.767 4.767 4.769997 4.826373 5.221 5.321 5.20998 4.983847 4.395056 4.007951 3.964 3.964 3.964 3.964 3.964 3.964 3.964 3.964 3.964 3.964 3.964 3.964 3.964 3.964 3.961256 4.016306 3.805797 3.627536 3.181 3.181 3.181 3.181 3.081 3.081 3.081 3.081 3.081 3.081 3.081 3.081 3.081 3.081 3.081 3.081 3.081 3.081 3.081 3.081 3.081 3.081 3.081 3.181 3.195217 3.41104 3.791691 4.370428 4.691236 4.896886 5.034954 5.070033 5.087088 5.090408 5.084524 5.077443 5.070131 5.054738 5.047042 5.039345
5.18 5.18 5.18 5.067707 4.767 4.767 4.767 4.767 4.767 4.69149 5.221 5.321 5.321 5.208413 4.347423 4.032843 3.964 3.964 3.964 3.964 3.964 3.964 3.964 3.964 3.964 3.964 3.964 3.964 3.964 3.964 3.964 3.964 3.964 3.964 4.059196 3.823418 3.818911 3.8189 3.181289 3.199368 3.199425 3.100461 3.104093 3.113514 3.119092 3.124206 3.126104 3.126038 3.125935 3.125341 3.124272 3.123695 3.12362 3.12306 3.119637 3.11269 3.179835 3.93008 4.335604 4.62246 5.008702 5.131401 5.134029 5.126332 5.118636 5.11094 5.103243 5.095546 5.08785 5.080153 5.073034 5.058064 5.050367 5.04267
5.18 5.18 5.18 5.067688 4.767 4.767 4.767 4.767 4.767 4.688151 5.245476 5.318596 5.31577 5.283805 4.78948 4.040489 3.964 3.964 3.964 3.964 3.964 3.964 3.964 3.964 3.964 3.964 3.964 3.964 3.964 3.964 3.964 3.964 3.964 3.964 3.964 3.964 3.964 4.064 3.806519 3.865054 3.864208 3.815665 4.05699 4.312108 4.618051 4.693173 4.660727 4.664856 4.660537 4.639578 4.610701 4.607267 4.624392 4.614283 4.605161 4.483244 4.438062 5.040697 5.15 5.15 5.15 5.144856 5.137354 5.129658 5.121961 5.114264 5.106568 5.098872 5.091175 5.083478 5.076359 5.061389 5.053692 5.045995
5.18 5.18 5.18 5.095307 4.84482 4.767 4.767 4.767 4.767 4.767 4.670454 5.293739 5.282151 5.28 5.226566 4.729273 4.09977 3.964 3.964 3.964 3.964 3.964 3.964 3.964 3.964 3.964 3.964 3.964 3.964 3.964 3.964 3.964 3.964 3.964 3.964 3.964 3.964 3.964 3.964 3.866801 3.846881 3.94726 4.119644 4.600496 4.68958 4.764555 4.796547 4.82273 4.811965 4.799898 4.83501 5.029272 5.038021 5.069836 5.069831 5.084647 5.15 5.15 5.15 5.15 5.15 5.147913 5.140679 5.132983 5.125287 5.11759 5.109893 5.102197 5.0945 5.086953 5.079787 -9999 -9999 -9999
5.18 5.18 5.18 5.18 5.083324 4.767 4.767 4.767 4.767 4.767 4.670196 5.250776 5.279065 5.28 5.285146 5.260486 4.340164 4.057972 4.088573 3.982758 3.971709 3.964 3.964 3.964 3.964 3.964 3.964 3.964 3.964 3.964 3.964 3.964 3.964 3.964 3.964 3.964 3.964 3.964 3.964 3.964 3.964 3.996825 4.127466 4.600509 4.68959 4.794076 4.848162 4.895076 5.050925 5.004851 4.955272 5.115636 5.15 5.15 5.15 5.15 5.15 5.15 5.15 5.15 5.15 5.15 5.14388 5.136308 5.128612 5.120915 5.113219 5.105522 -9999 -9999 -9999 -9999 -9999 -9999
5.18 5.18 5.18 5.18 5.083305 4.667 4.767 4.767 4.767 4.767 4.768644 5.0141 5.256924 5.286426 5.295672 5.297 4.966611 4.392747 4.309988 4.288395 4.239329 4.090431 4.074843 4.074645 4.064 3.964 3.964 3.964 3.964 3.964 3.964 3.964 3.964 3.964 3.964 3.964 3.964 3.964 3.964 3.964 4.098366 4.086278 4.212644 4.690677 4.743294 4.94634 4.965379 4.960525 5.109426 5.143036 5.15 5.15 5.15 5.15 5.15 5.15 5.15 5.15 5.15 5.15 5.15 5.15 5.146811 5.139634 -9999 -9999 -9999 -9999 -9999 -9999 -9999 -9999 -9999 -9999
5.18 5.18 5.18 5.18 5.138579 5.056775 4.767 4.767 4.767 4.767 4.767 4.667 5.226847 5.29315 5.297 5.297 5.205874 4.939997 4.762077 4.73361 4.721174 4.598888 4.662165 4.413861 4.251941 4.224294 4.030215 4.064 3.964 3.964 3.964 3.964 3.964 3.964 3.964 3.964 3.964 4.064 4.019917 4.212229 4.424202 4.341559 4.563166 4.998566 4.90204 4.941229 5.107633 5.15 5.15 5.15 5.15 5.15 5.15 5.15 5.15 5.15 5.15 5.15 5.15 5.15 5.15 -9999 -9999 -9999 -9999 -9999 -9999 -9999 -9999 -9999 -9999 -9999 -9999 -9999
5.18 5.18 5.18 5.18 5.18 5.09894 4.767 4.767 4.767 4.767 4.767 4.667 5.2012 5.270163 5.293741 5.297 5.226524 4.959703 4.73312 4.715129 4.740155 4.769969 4.917399 4.979817 4.99753 4.797479 4.367152 4.373764 4.371222 4.364893 4.387945 4.283382 4.250308 4.215908 4.316459 4.343875 4.396281 4.3836 4.59859 4.789159 4.933613 4.993744 4.926323 5.118326 5.15 5.15 5.15 5.15 5.15 5.15 5.15 5.15 5.15 5.15 5.15 5.15 5.15 -9999 -9999 -9999 -9999 -9999 -9999 -9999 -9999 -9999 -9999 -9999 -9999 -9999 -9999 -9999 -9999 -9999
5.18 5.18 5.18 5.18 5.18 5.098921 4.667 4.767 4.767 4.767 4.767 4.767 4.856739 5.295695 5.265845 5.270982 5.097085 4.846457 4.788058 4.772953 4.799519 4.877938 4.900095 5.205823 5.153976 5.208596 4.925191 4.926667 4.978821 4.926807 4.726482 4.709147 4.755751 4.712224 4.713614 4.781278 4.781297 4.914837 4.955387 5.212495 5.143645 5.149948 5.15 5.15 5.15 5.15 5.15 5.15 5.15 5.15 5.15 5.15 5.15 5.15 5.15 -9999 -9999 -9999 -9999 -9999 -9999 -9999 -9999 -9999 -9999 -9999 -9999 -9999 -9999 -9999 -9999 -9999 -9999 -9999
5.18 5.18 5.18 5.18 5.18 5.098921 4.667 4.767 4.767 4.767 4.767 4.767 4.856739 5.295695 5.265845 5.270982 5.097085 4.846457 4.788058 4.772953 4.799519 4.877938 4.900095 5.205823 5.153976 5.208596 4.925191 4.926667 4.978821 4.926807 4.726482 4.709147 4.755751 4.712224 4.713614 4.781278 4.781297 4.914837 4.955387 5.212495 5.143645 5.149948 5.15 5.15 5.15 5.15 5.15 5.15 5.15 5.15 5.15 5.15 5.15 5.15 5.15 -9999 -9999 -9999 -9999 -9999 -9999 -9999 -9999 -9999 -9999 -9999 -9999 -9999 -9999 -9999 -9999 -9999 -9999 -9999
5.18 5.18 5.18 5.18 5.18 5.171679 5.078901 4.767 4.767 4.767 4.767 4.767 4.667 5.252145 5.226871 5.231708 4.964689 4.872077 4.83799 4.823149 4.849255 4.945489 5.082411 5.165084 5.182565 5.187764 5.189802 5.19 5.183816 5.255198 5.214052 5.211942 5.206252 5.201914 5.202056 5.209836 5.220862 5.134881 5.14819 5.15 5.15 5.15 5.15 5.15 5.15 5.15 5.15 5.15 5.15 5.15 5.15 -9999 -9999 -9999 -9999 -9999 -9999 -9999 -9999 -9999 -9999 -9999 -9999 -9999 -9999 -9999 -9999 -9999 -9999 -9999 -9999 -9999 -9999 -9999
5.18 5.18 5.18 5.18 5.18 5.18 5.214556 4.667 4.767 4.767 4.767 4.767 4.767 5.071511 5.181979 5.194527 4.950617 4.886662 4.875788 4.872235 4.906482 5.009144 5.119351 5.171999 5.184135 5.188177 5.189991 5.19 5.18998 5.186448 5.15 5.15 5.15 5.15 5.15 5.15 5.15 5.15 5.15 5.15 5.15 5.15 5.15 5.15 5.15 5.15 5.15 5.15 -9999 -9999 -9999 -9999 -9999 -9999 -9999 -9999 -9999 -9999 -9999 -9999 -9999 -9999 -9999 -9999 -9999 -9999 -9999 -9999 -9999 -9999 -9999 -9999 -9999 -9999
5.18 5.18 5.18 5.18 5.18 5.18 5.222033 4.808577 4.767 4.767 4.767 4.767 4.767 4.667 5.051652 5.099956 4.942366 4.908322 4.898761 4.918959 4.968468 5.069808 5.146611 5.164271 5.173109 5.182315 5.18528 5.185456 5.181912 5.167337 5.15 5.15 5.15 5.15 5.15 5.15 5.15 5.15 5.15 5.15 5.15 5.15 5.15 5.15 5.15 -9999 -9999 -9999 -9999 -9999 -9999 -9999 -9999 -9999 -9999 -9999 -9999 -9999 -9999 -9999 -9999 -9999 -9999 -9999 -9999 -9999 -9999 -9999 -9999 -9999 -9999 -9999 -9999 -9999
5.18 5.18 5.18 5.18 5.18 5.18 5.18 5.23019 4.767 4.767 4.767 4.767 4.767 4.767 5.083497 5.021674 4.964399 4.941174 4.933786 4.950235 5.018292 5.098535 5.139678 5.153816 5.161812 5.164932 5.160426 5.15 5.15 5.15 5.15 5.15 5.15 5.15 5.15 5.15 5.15 5.15 5.15 5.15 5.15 5.15 -9999 -9999 -9999 -9999 -9999 -9999 -9999 -9999 -9999 -9999 -9999 -9999 -9999 -9999 -9999 -9999 -9999 -9999 -9999 -9999 -9999 -9999 -9999 -9999 -9999 -9999 -9999 -9999 -9999 -9999 -9999 -9999
