terrain.asc
ncols         496
nrows         401
xllcorner     499976.01574851
yllcorner     3352081.4921597
cellsize      2.0655008894275
NODATA_value  -9999
[rows 132 to 164 of 401, columns 74 to 147 of 496]
-9999 -9999 -9999 -9999 -9999 -9999 -9999 -9999 -9999 -9999 -9999 1.381 1.381 1.281 1.63904 1.938938 2.339441 2.539486 2.94162 3.091166 3.171266 2.946075 2.360791 1.619808 1.381 1.281 1.281 1.281 1.281 1.281 1.281 1.281 1.281 1.281 1.281 1.281 1.281 1.281 1.281 2.562686 3.228097 3.438024 4.087145 4.628658 4.822625 4.965236 5.255397 5.394463 5.520081 5.548857 5.745133 5.934824 5.997578 6.254006 6.564092 6.997123 7.152654 7.238398 7.243168 7.261037 7.263931 7.263974 7.304872 7.149951 7.128 6.467854 6.313742 6.21845 5.95706 5.692211 5.482056 5.481 5.481 10.481
-9999 -9999 -9999 -9999 -9999 -9999 -9999 -9999 -9999 1.412939 1.695868 1.99772 2.198709 2.500524 3.202664 3.504377 3.805534 4.117827 4.401689 4.573876 4.770992 4.32496 3.469882 2.591945 1.63473 1.420681 1.281 1.281 1.281 1.281 1.281 1.281 1.281 1.281 1.281 1.281 1.281 1.281 1.281 2.597192 3.256042 3.631857 4.43934 4.637832 5.001872 5.224592 5.291465 5.401587 5.488721 5.579205 5.671 5.798751 5.997386 6.241096 6.528909 6.986972 7.125162 7.185161 7.238097 7.264423 7.381646 7.334564 7.343 7.324113 7.155258 6.611175 6.266098 5.919357 5.718707 5.481 5.481 10.481 10.481 10.481
-9999 -9999 -9999 -9999 -9999 -9999 1.929337 2.126568 2.518044 2.709536 3.001205 3.292681 3.584158 3.875631 4.452946 4.783361 5.013786 5.227673 5.222 5.222 5.222 5.255679 4.777649 3.891499 2.771757 1.956238 1.44436 1.381 1.281 1.281 1.281 1.281 1.281 1.281 1.281 1.281 1.281 1.281 1.281 2.501154 3.41347 3.891816 4.551841 4.689302 5.011685 5.20962 5.241642 5.401702 5.433657 5.589508 5.610563 5.796765 6.009988 6.233516 6.560074 6.90457 7.170851 7.117629 7.174924 7.352343 7.340198 7.443 7.443 7.343 7.197015 7.128 6.546217 5.699375 5.581 10.481 10.481 10.481 10.481 10.481
-9999 -9999 -9999 2.303284 2.536908 2.796381 3.088103 3.379579 3.671055 3.962582 4.254748 4.547754 4.746605 5.045363 5.222 5.222 5.222 5.322 5.322 5.322 5.322 5.322 5.222 5.021961 4.21622 3.528128 2.550856 1.979144 1.281 1.381 1.281 1.281 1.281 1.281 1.281 1.281 1.281 1.281 1.281 1.281 2.509075 3.912757 4.756815 5.039492 5.118215 5.285715 5.375166 5.404703 5.420316 5.446635 5.664732 5.780164 5.990751 6.282915 6.356983 6.794096 6.996975 7.07239 7.103376 7.16826 7.327093 7.442369 7.443 7.332496 7.195001 7.028 7.128 5.914526 5.581 10.481 10.481 10.481 10.481 10.481
-9999 2.930158 3.269332 3.566476 3.857952 4.149558 4.448493 4.75056 4.81765 5.084747 5.251957 5.221827 5.222 5.222 5.322 5.322 5.322 5.322 5.322 5.322 5.322 5.322 5.322 5.222 5.215089 5.019611 4.439939 3.884442 2.223401 1.650676 1.281 1.381 1.281 1.281 1.281 1.281 1.281 1.281 1.281 1.281 1.381 2.505391 4.999474 5.065658 5.297401 5.316771 5.386007 5.41008 5.430769 5.467509 5.568372 5.739511 5.998617 6.046594 6.203639 6.748942 6.884319 7.12102 7.069447 7.116867 7.395746 7.425415 7.426824 7.303347 7.189826 7.028 7.128 6.3366 10.56759 10.481 10.481 10.481 10.481 10.481
3.551453 4.1365 4.459111 4.761078 4.896506 5.03194 5.275021 5.222 5.222 5.322 5.322 5.322 5.322 5.322 5.322 5.322 5.322 5.322 5.322 5.322 5.322 5.322 5.322 5.322 5.322 5.222 5.239773 5.095856 3.986257 3.216928 2.24183 1.978912 1.615054 1.381 1.281 1.281 1.281 1.281 1.281 1.281 1.281 1.381 4.305166 5.218025 5.225045 5.31751 5.386595 5.419532 5.461868 5.63977 5.634711 5.723511 5.794802 5.998065 6.033007 6.579699 6.737816 6.889693 7.111116 7.186247 7.393218 7.393242 7.398589 7.409419 7.172598 7.028 7.000069 6.796025 6.519825 10.481 10.481 10.481 10.481 10.481
4.865435 5.086944 5.211237 5.222 5.222 5.322 5.322 5.322 5.322 5.322 5.322 5.322 5.322 5.322 5.322 5.322 5.322 5.322 5.322 5.322 5.322 5.322 5.322 5.322 5.322 5.322 5.322 5.222 5.071952 4.744087 4.137314 3.459012 2.779987 1.983175 1.281 1.281 1.281 1.281 1.281 1.281 1.281 1.281 2.327922 4.365693 5.253104 5.253647 5.241073 5.437499 5.528372 5.610797 5.687456 5.72461 5.741609 5.797427 5.910995 6.297184 6.507625 6.714069 6.860185 6.975101 7.109715 7.268026 7.276646 7.109889 6.946957 6.919372 6.900695 6.867159 6.755455 10.581 10.481 10.481 10.481 10.481
4.865435 5.086944 5.211237 5.222 5.222 5.322 5.322 5.322 5.322 5.322 5.322 5.322 5.322 5.322 5.322 5.322 5.322 5.322 5.322 5.322 5.322 5.322 5.322 5.322 5.322 5.322 5.322 5.222 5.071952 4.744087 4.137314 3.459012 2.779987 1.983175 1.281 1.281 1.281 1.281 1.281 1.281 1.281 1.281 2.327922 4.365693 5.253104 5.253647 5.241073 5.437499 5.528372 5.610797 5.687456 5.72461 5.741609 5.797427 5.910995 6.297184 6.507625 6.714069 6.860185 6.975101 7.109715 7.268026 7.276646 7.109889 6.946957 6.919372 6.900695 6.867159 6.755455 10.581 10.481 10.481 10.481 10.481
5.222 5.322 5.322 5.322 5.322 5.322 5.322 5.322 5.322 5.322 5.322 5.322 5.322 5.322 5.322 5.322 5.322 5.322 5.322 5.322 5.322 5.322 5.322 5.322 5.322 5.322 5.322 5.322 5.222 5.288835 5.248227 5.004875 4.285117 3.492267 2.723602 1.281 1.281 1.281 1.281 1.281 1.281 1.281 1.281 1.904407 2.232084 3.98277 5.236894 5.509429 5.557052 5.628888 5.681552 5.704357 5.72379 5.749609 5.937948 6.227966 6.281299 6.583372 6.760087 6.813457 6.952497 7.158254 7.163971 6.902709 6.824733 6.813919 6.845807 6.855278 6.726312 5.971192 10.581 10.481 10.481 10.481
5.322 5.322 5.322 5.322 5.322 5.322 5.322 5.322 5.322 5.322 5.322 5.322 5.322 5.322 5.322 5.322 5.322 5.322 5.322 5.322 5.322 5.322 5.322 5.322 5.322 5.322 5.322 5.322 5.322 5.322 5.322 5.208066 5.2178 5.031888 4.423753 3.452458 1.342008 1.281 1.281 1.281 1.281 1.281 1.281 1.281 1.381 1.601171 3.676248 5.211926 5.290766 5.578067 5.551104 5.680343 5.700601 5.737005 5.798724 5.99916 6.209793 6.262422 6.544455 6.711641 6.869878 6.854792 6.859342 6.811007 6.799814 6.799 6.804946 6.806847 6.801497 6.000371 10.581 10.481 10.481 10.481
5.322 5.322 5.322 5.322 5.322 5.322 5.322 5.322 5.322 5.322 5.322 5.322 5.322 5.322 5.322 5.322 10.322 10.322 10.322 10.322 5.322 5.322 5.322 5.322 5.322 5.322 5.322 5.322 5.322 5.322 5.322 5.322 5.321764 5.218493 5.299796 5.258321 4.520787 1.388707 1.381 1.281 1.281 1.281 1.281 1.281 1.281 1.381 1.347699 3.315669 5.259634 5.267556 5.546409 5.534406 5.656069 5.709614 5.781277 5.919317 6.017944 6.244617 6.296114 6.539959 6.572664 6.661645 6.886289 6.798892 6.799 6.799 6.799 6.799 6.799 6.873741 6.032379 10.481 10.481 10.481
5.322 5.322 5.322 5.322 5.322 5.322 5.322 5.322 5.322 5.322 5.322 5.322 5.322 5.322 10.322 10.322 10.322 10.322 10.322 10.322 5.322 5.322 5.322 5.322 5.322 5.322 5.322 5.322 5.322 5.322 5.322 5.322 5.322 5.322 5.322 5.322 5.222 5.222 5.266537 2.209658 1.436983 1.281 1.281 1.281 1.281 1.281 1.281 1.381 1.347877 2.99303 5.066321 5.267199 5.556988 5.546324 5.699781 5.951303 5.960563 6.077806 6.292976 6.303681 6.537416 6.562243 6.752639 6.870424 6.796798 6.798968 6.799 6.799 6.799 6.878343 6.516777 5.796354 10.481 10.481
5.322 5.322 5.322 5.322 5.322 5.322 5.322 5.322 5.322 5.322 5.322 10.322 10.322 10.322 10.322 10.322 10.322 10.322 10.322 10.322 5.322 5.322 5.322 5.322 5.322 5.322 5.322 5.322 5.322 5.322 5.322 5.322 5.322 5.322 5.322 5.322 5.322 5.322 5.322 5.222 2.520241 1.34383 1.281 1.281 1.281 1.281 1.281 1.381 2.144451 3.181 3.774515 4.662996 5.245208 5.508564 5.599297 5.86674 5.966458 5.981688 6.203691 6.243182 6.524509 6.577631 6.653324 6.66071 6.753172 6.772863 6.773199 6.773202 6.772573 6.575217 6.207969 5.789356 5.48684 10.481
5.322 5.322 5.322 5.322 5.322 5.322 5.322 5.322 5.322 10.322 10.322 10.322 10.322 10.322 10.322 10.322 10.322 10.322 10.322 10.322 10.322 5.322 5.322 5.322 5.322 5.322 5.322 5.322 5.322 5.322 5.322 5.322 5.322 5.322 5.322 5.322 5.322 5.322 5.322 5.322 5.222 3.188835 1.381 1.281 1.281 1.281 1.381 1.655552 2.420393 3.181 3.181 3.447001 4.698581 5.283569 5.525292 5.655234 5.832858 5.928851 5.976702 6.286927 6.502837 6.646771 6.66 6.66 6.66 6.66 6.66 6.658941 6.596139 6.281995 6.013826 5.730643 5.464454 10.30743
5.322 5.322 5.322 10.322 10.322 10.322 10.322 10.322 10.322 10.322 10.322 10.322 10.322 10.322 10.322 10.322 10.322 10.322 10.322 10.322 10.322 5.322 5.322 5.322 5.322 5.322 5.322 5.322 5.322 5.322 5.322 5.322 5.322 5.322 5.322 5.322 5.322 5.322 5.322 5.322 5.322 5.222 1.657447 1.381 1.281 1.381 1.684334 2.562923 3.181 3.081 3.081 3.181 3.434372 4.421745 5.12515 5.596817 5.525654 5.690132 5.729647 5.979269 6.288265 6.712242 6.657279 6.66 6.66 6.66 6.66 6.6564 6.53184 5.987753 5.792817 5.630767 5.255808 4.765558
10.322 10.322 10.322 10.322 10.322 10.322 10.322 10.322 10.322 10.322 10.322 10.322 10.322 10.322 10.322 10.322 10.322 10.322 10.322 10.322 10.322 10.322 5.322 5.322 5.322 5.322 5.322 5.322 5.322 5.322 5.322 5.322 5.322 5.322 5.322 10.322 10.322 5.322 5.322 5.322 5.322 5.322 4.026096 2.064215 1.381 1.827975 2.590594 3.181 3.081 3.081 3.081 3.081 3.181 3.436627 4.099777 5.248181 5.253751 5.263623 5.321895 5.496118 5.934468 6.503609 6.739208 6.66 6.66 6.66 6.66 6.658241 6.504127 5.97896 5.642525 5.270799 4.721255 4.58
10.322 10.322 10.322 10.322 10.322 10.322 10.322 10.322 10.322 10.322 10.322 10.322 10.322 10.322 10.322 10.322 10.322 10.322 10.322 10.322 10.322 10.322 5.322 5.322 5.322 5.322 5.322 5.322 5.322 5.322 5.322 5.322 5.322 5.322 5.322 10.322 10.322 10.322 5.322 5.322 5.322 5.322 5.222 4.294765 3.888077 3.368221 3.181 3.081 3.081 3.081 3.081 3.081 3.081 3.081 3.181 4.042626 4.905645 4.99403 4.859884 5.013111 5.418467 5.992238 6.449107 6.652462 6.66 6.66 6.66 6.66 6.528148 5.992382 5.627034 4.910522 4.58 4.58
10.322 10.322 10.322 10.322 10.322 10.322 10.322 10.322 10.322 10.322 10.322 10.322 10.322 10.322 10.322 10.322 10.322 10.322 10.322 10.322 10.322 10.322 5.322 5.322 5.322 5.322 5.322 5.322 5.322 5.322 5.322 5.322 5.322 5.322 10.322 10.322 10.322 10.322 10.322 5.322 5.322 5.322 5.322 5.222 5.222 5.061351 3.806659 3.181 3.081 3.081 3.081 3.081 3.081 3.081 3.081 3.161702 3.677968 4.639943 4.523832 4.631541 4.840449 5.47447 6.006538 6.42233 6.748516 6.76 6.76 6.524135 6.382429 5.925568 5.346992 4.796268 4.58 4.58
10.322 10.322 10.322 10.322 10.322 10.322 10.322 10.322 10.322 10.322 10.322 10.322 10.322 10.322 10.322 10.322 10.322 10.322 10.322 10.322 10.322 10.322 10.322 5.322 5.322 5.322 5.322 5.322 5.322 5.322 5.322 5.322 5.322 10.322 10.322 10.322 10.322 10.322 10.322 10.322 5.322 5.322 5.322 5.322 5.322 5.322 5.219617 3.98597 3.181 3.081 3.081 3.081 3.081 3.081 3.081 3.081 3.111869 3.51987 4.456 4.456977 4.396131 4.850934 5.403143 5.868278 6.184689 6.400869 6.443202 6.476645 6.131626 5.930806 5.103467 4.58 4.58 4.58
10.322 10.322 10.322 10.322 10.322 10.322 10.322 10.322 10.322 10.322 10.322 10.322 10.322 10.322 10.322 10.322 10.322 10.322 10.322 10.322 10.322 10.322 10.322 5.322 5.322 5.322 5.322 5.322 5.322 5.322 5.322 5.322 5.322 5.322 5.322 10.322 10.322 10.322 10.322 10.322 10.322 5.322 5.322 5.322 5.322 5.322 5.322 5.359415 4.183751 3.181 3.081 3.081 3.081 3.081 3.081 3.081 3.081 3.188448 3.136168 4.456 4.456 4.372252 4.674963 5.214597 5.48345 5.817497 6.078714 6.2506 6.247407 5.811975 5.10287 4.68 4.58 4.58
10.322 10.322 10.322 10.322 10.322 10.322 10.322 10.322 10.322 10.322 10.322 10.322 10.322 10.322 10.322 10.322 10.322 10.322 10.322 10.322 10.322 10.322 10.322 5.322 5.322 5.322 5.322 5.322 5.322 5.322 5.322 5.322 5.322 5.322 5.322 5.322 10.322 10.322 10.322 10.322 10.322 10.322 5.322 5.322 5.322 5.322 5.322 5.322 5.322 4.485781 3.153911 3.181 3.081 3.081 3.081 3.081 3.081 3.081 3.081 3.111387 4.325877 4.443473 4.307408 4.563624 4.839183 5.248183 5.542687 5.815065 5.801365 5.626483 5.089651 4.68 4.58 4.58
10.322 10.322 10.322 10.322 10.322 10.322 10.322 10.322 10.322 10.322 10.322 10.322 10.322 10.322 10.322 10.322 10.322 10.322 10.322 10.322 10.322 10.322 10.322 5.322 5.322 5.322 5.322 5.322 5.322 5.322 5.322 5.322 5.322 5.322 5.322 5.322 10.322 10.322 10.322 10.322 10.322 10.322 5.322 5.322 5.322 5.322 5.322 5.322 5.322 4.485781 3.153911 3.181 3.081 3.081 3.081 3.081 3.081 3.081 3.081 3.111387 4.325877 4.443473 4.307408 4.563624 4.839183 5.248183 5.542687 5.815065 5.801365 5.626483 5.089651 4.68 4.58 4.58
10.322 10.322 10.322 10.322 10.322 10.322 10.322 10.322 10.322 10.322 10.322 10.322 10.322 10.322 10.322 10.322 10.322 10.322 10.322 10.322 10.322 10.322 10.322 10.322 5.322 5.322 5.322 5.322 5.322 5.322 5.322 5.322 5.322 5.322 5.322 5.322 5.322 10.322 10.322 10.322 10.322 10.322 10.322 5.322 5.322 5.322 5.322 5.322 5.322 5.222 4.66447 3.546583 3.426652 3.181 3.081 3.081 3.081 3.081 3.081 3.081 3.181 3.181 4.06614 4.44805 4.395968 4.576756 4.792101 5.030241 5.267814 5.511552 5.075847 4.652266 4.68 4.58
10.322 10.322 10.322 10.322 10.322 10.322 10.322 10.322 10.322 10.322 10.322 10.322 10.322 10.322 10.322 10.322 10.322 10.322 10.322 10.322 10.322 10.322 10.322 10.322 5.322 5.322 5.322 5.322 5.322 5.322 5.322 5.322 5.322 5.322 5.322 5.322 5.322 5.322 10.322 10.322 10.322 10.322 10.322 10.322 5.322 5.322 5.322 5.322 5.322 5.322 5.222 5.322 4.686668 3.413246 3.181 3.081 3.081 3.081 3.081 3.081 3.081 3.081 3.181 3.764512 4.273486 4.47393 4.404636 4.52961 4.725801 5.249619 5.597782 5.260372 4.836545 4.838617
10.322 10.322 10.322 10.322 10.322 10.322 10.322 10.322 10.322 10.322 10.322 10.322 10.322 10.322 10.322 10.322 10.322 10.322 10.322 10.322 10.322 10.322 10.322 10.322 10.322 5.322 5.322 5.322 5.322 5.322 5.322 5.322 5.322 5.322 5.322 5.322 5.322 5.322 5.322 5.322 5.322 10.322 10.322 10.322 5.322 5.322 5.322 5.322 5.322 5.322 5.322 5.322 5.222 5.019179 3.818308 3.081 3.081 3.081 3.081 3.081 3.081 3.081 3.081 3.181 3.718241 3.745391 4.246364 4.400692 4.456714 4.978346 5.295319 5.574453 5.529179 5.572103
10.322 10.322 10.322 10.322 10.322 10.322 10.322 10.322 10.322 10.322 10.322 10.322 10.322 10.322 10.322 10.322 10.322 10.322 10.322 10.322 10.322 10.322 10.322 10.322 10.322 5.322 5.322 5.322 5.322 10.322 5.322 5.322 5.322 5.322 5.322 5.322 5.322 5.322 5.322 5.322 5.322 5.322 10.322 5.322 5.322 5.322 5.322 5.322 5.322 5.322 5.322 5.322 5.322 5.280273 5.334115 3.181 3.081 3.081 3.081 3.081 3.081 3.081 3.081 3.081 3.181 3.181 3.459234 3.747444 4.328007 4.619272 5.085653 5.336532 5.581009 5.70985
10.322 10.322 10.322 10.322 10.322 10.322 10.322 10.322 10.322 10.322 10.322 10.322 10.322 10.322 10.322 10.322 10.322 10.322 10.322 10.322 10.322 10.322 10.322 10.322 10.322 10.322 10.322 10.322 10.322 10.322 5.322 5.322 5.322 5.322 5.322 5.322 5.322 5.322 5.322 5.322 5.322 5.322 5.322 5.322 5.322 5.322 5.322 5.322 5.322 5.322 5.322 5.273611 5.597286 5.515527 5.740228 4.608042 3.181 3.081 3.081 3.081 3.081 3.081 3.081 3.081 3.081 3.081 3.181 3.181 3.446705 4.342595 4.679988 5.023537 5.39247 5.850255
10.322 10.322 10.322 10.322 10.322 10.322 10.322 10.322 10.322 10.322 10.322 10.322 10.322 10.322 10.322 10.322 10.322 10.322 10.322 10.322 10.322 10.322 10.322 10.322 10.322 10.322 10.322 10.322 10.322 10.322 5.322 5.322 5.322 5.322 5.322 5.322 5.322 5.322 5.322 5.322 5.322 5.322 5.322 5.322 5.322 5.322 5.322 5.322 5.39792 5.4839 5.488622 5.614016 5.615416 5.84283 5.842171 6.043712 4.986337 3.181 3.081 3.081 3.081 3.081 3.081 3.081 3.081 3.081 3.081 3.081 3.181 3.430439 3.461835 4.388209 5.270447 5.950962
10.322 10.322 10.322 10.322 10.322 10.322 10.322 10.322 10.322 10.322 10.322 10.322 10.322 10.322 10.322 10.322 10.322 10.322 10.322 10.322 10.322 10.322 10.322 10.322 10.322 10.322 10.322 10.322 10.322 10.322 10.322 5.322 5.322 5.322 5.322 5.322 5.322 5.322 5.322 5.322 5.322 5.322 5.322 5.322 5.322 5.531851 5.51418 5.519963 5.537152 5.556759 5.558 5.558 5.577201 5.664241 5.856532 6.213 6.132688 5.276171 3.081 3.181 3.081 3.081 3.081 3.081 3.081 3.081 3.081 3.081 3.081 3.081 3.181 3.177459 4.305329 5.707405
10.322 10.322 10.322 10.322 10.322 10.322 10.322 10.322 10.322 10.322 10.322 10.322 10.322 10.322 10.322 10.322 10.322 10.322 10.322 10.322 10.322 10.322 10.322 10.322 10.322 10.322 10.322 10.322 10.322 10.322 10.322 5.322 5.322 5.322 5.322 5.322 5.322 5.322 5.322 5.322 5.322 5.322 5.58346 5.550059 5.550054 5.560943 5.573691 5.577925 5.571462 5.561605 5.558 5.56307 5.577804 5.59935 5.667619 6.094378 6.220145 6.140516 6.123476 5.951982 3.221332 3.181 3.081 3.081 3.081 3.081 3.081 3.081 3.081 3.081 3.081 3.181 3.156904 3.27952
10.322 10.322 10.322 10.322 10.322 10.322 10.322 10.322 10.322 10.322 10.322 10.322 10.322 10.322 10.322 10.322 10.322 10.322 10.322 10.322 10.322 10.322 10.322 10.322 10.322 10.322 10.322 10.322 10.322 10.322 10.322 5.322 5.322 5.322 5.322 5.322 5.322 5.322 5.322 5.322 5.322 5.328186 5.572542 5.57254 5.595661 5.609121 5.602401 5.591014 5.584285 5.578783 5.573599 5.580029 5.59664 5.609258 5.616724 5.929238 6.08371 6.264852 6.269 6.169 6.269 3.440916 3.182697 3.193987 3.081 3.081 3.081 3.081 3.081 3.081 3.081 3.081 3.081 3.081
10.322 10.322 10.322 10.322 10.322 10.322 10.322 10.322 10.322 10.322 10.322 10.322 10.322 10.322 10.322 10.322 10.322 10.322 10.322 10.322 10.322 10.322 10.322 10.322 10.322 10.322 10.322 10.322 10.322 10.322 10.322 10.322 5.322 5.322 5.322 5.322 5.322 5.322 5.322 5.322 5.322 5.527869 5.690849 5.694046 5.707083 5.714172 5.688805 5.637587 5.598377 5.587386 5.594483 5.607356 5.611986 5.619914 5.642094 5.927039 5.993676 6.118189 6.249798 6.268727 6.268996 6.175376 6.313301 3.789206 3.156014 3.181 3.081 3.081 3.081 3.081 3.081 3.081 3.081 3.081
10.322 10.322 10.322 10.322 10.322 10.322 10.322 10.322 10.322 10.322 10.322 10.322 10.322 10.322 10.322 10.322 10.322 10.322 10.322 10.322 10.322 10.322 10.322 10.322 10.322 10.322 10.322 10.322 10.322 10.322 10.322 10.322 5.322 5.322 5.322 5.322 5.322 5.322 5.322 5.322 5.322 5.506966 5.785314 5.802413 5.802412 5.795295 5.765962 5.717799 5.659832 5.624245 5.628536 5.639033 5.64871 5.67307 5.722081 5.896867 5.927649 5.981079 6.197562 6.132098 6.267994 6.314497 6.317 6.417 4.387946 3.885292 3.175236 3.181 3.081 3.081 3.081 3.081 3.081 3.081
